0  2.8280655e-006            
1.6229135e-010  2.7923765e-006            
3.245827e-010  2.7109606e-006            
4.8687404e-010  2.5814287e-006            
6.4916539e-010  2.3982915e-006            
8.1145674e-010  2.1713713e-006            
9.7374809e-010  1.9039007e-006            
1.1360394e-009  1.6055233e-006            
1.2983308e-009  1.2882322e-006            
1.4606221e-009  9.5144558e-007            
1.6229135e-009  6.0843729e-007            
1.7852048e-009  2.7025253e-007            
1.9474962e-009  -5.7819856e-008            
2.1097875e-009  -3.6634356e-007            
2.2720789e-009  -6.4596289e-007            
2.4343702e-009  -8.8916202e-007            
2.5966616e-009  -1.0939731e-006            
2.7589529e-009  -1.2552471e-006            
2.9212443e-009  -1.3624365e-006            
3.0835356e-009  -1.4199767e-006            
3.245827e-009  -1.4255358e-006            
3.4081183e-009  -1.3811952e-006            
3.5704097e-009  -1.288444e-006            
3.732701e-009  -1.1444141e-006            
3.8949923e-009  -9.6196692e-007            
4.0572837e-009  -7.4535016e-007            
4.219575e-009  -4.9833431e-007            
4.3818664e-009  -2.276713e-007            
4.5441577e-009  5.6923873e-008            
4.7064491e-009  3.4654013e-007            
4.8687404e-009  6.3721051e-007            
5.0310318e-009  9.1737621e-007            
5.1933231e-009  1.1786667e-006            
5.3556145e-009  1.4209257e-006            
5.5179058e-009  1.6317448e-006            
5.6801972e-009  1.8080841e-006            
5.8424885e-009  1.9471594e-006            
6.0047799e-009  2.0385793e-006            
6.1670712e-009  2.0928389e-006            
6.3293626e-009  2.1066044e-006            
6.4916539e-009  2.0648219e-006            
6.6539453e-009  1.9879126e-006            
6.8162366e-009  1.8730061e-006            
6.978528e-009  1.7223911e-006            
7.1408193e-009  1.5403608e-006            
7.3031107e-009  1.3306469e-006            
7.465402e-009  1.1034812e-006            
7.6276933e-009  8.6500916e-007            
7.7899847e-009  6.1654329e-007            
7.952276e-009  3.6815948e-007            
8.1145674e-009  1.258486e-007            
8.2768587e-009  -1.0434722e-007            
8.4391501e-009  -3.185366e-007            
8.6014414e-009  -5.0961414e-007            
8.7637328e-009  -6.7311084e-007            
8.9260241e-009  -8.0939889e-007            
9.0883155e-009  -9.1373768e-007            
9.2506068e-009  -9.8128177e-007            
9.4128982e-009  -1.0160464e-006            
9.5751895e-009  -1.015213e-006            
9.7374809e-009  -9.8309103e-007            
9.8997722e-009  -9.1970446e-007            
1.0062064e-008  -8.237454e-007            
1.0224355e-008  -7.048622e-007            
1.0386646e-008  -5.649913e-007            
1.0548938e-008  -4.0743074e-007            
1.0711229e-008  -2.359905e-007            
1.087352e-008  -5.7278339e-008            
1.1035812e-008  1.2365985e-007            
1.1198103e-008  3.0456496e-007            
1.1360394e-008  4.7731489e-007            
1.1522686e-008  6.389334e-007            
1.1684977e-008  7.8866149e-007            
1.1847268e-008  9.1760125e-007            
1.200956e-008  1.0267075e-006            
1.2171851e-008  1.1125281e-006            
1.2334142e-008  1.1707631e-006            
1.2496434e-008  1.2071355e-006            
1.2658725e-008  1.2176423e-006            
1.2821016e-008  1.1972377e-006            
1.2983308e-008  1.1559073e-006            
1.3145599e-008  1.0909173e-006            
1.3307891e-008  1.0060337e-006            
1.3470182e-008  9.0191613e-007            
1.3632473e-008  7.8083769e-007            
1.3794765e-008  6.4985357e-007            
1.3957056e-008  5.1143263e-007            
1.4119347e-008  3.6661567e-007            
1.4281639e-008  2.213535e-007            
1.444393e-008  7.9065799e-008            
1.4606221e-008  -5.6640481e-008            
1.4768513e-008  -1.8357316e-007            
1.4930804e-008  -2.9711403e-007            
1.5093095e-008  -3.9517843e-007            
1.5255387e-008  -4.7749594e-007            
1.5417678e-008  -5.4041859e-007            
1.5579969e-008  -5.8198546e-007            
1.5742261e-008  -6.040557e-007            
1.5904552e-008  -6.0396923e-007            
1.6066843e-008  -5.8527644e-007            
1.6229135e-008  -5.4652292e-007            
1.6391426e-008  -4.8814181e-007            
1.6553717e-008  -4.1498978e-007            
1.6716009e-008  -3.2799921e-007            
1.68783e-008  -2.2939949e-007            
1.7040592e-008  -1.2147061e-007            
1.7202883e-008  -8.3609796e-009            
1.7365174e-008  1.0715449e-007            
1.7527466e-008  2.2348646e-007            
1.7689757e-008  3.3456641e-007            
1.7852048e-008  4.396973e-007            
1.801434e-008  5.371937e-007            
1.8176631e-008  6.2188849e-007            
1.8338922e-008  6.9389755e-007            
1.8501214e-008  7.4991757e-007            
1.8663505e-008  7.8876007e-007            
1.8825796e-008  8.1297518e-007            
1.8988088e-008  8.1851964e-007            
1.9150379e-008  8.0408876e-007            
1.931267e-008  7.7514052e-007            
1.9474962e-008  7.2895235e-007            
1.9637253e-008  6.6952777e-007            
1.9799544e-008  5.9607741e-007            
1.9961836e-008  5.104356e-007            
2.0124127e-008  4.1797944e-007            
2.0286418e-008  3.1973756e-007            
2.044871e-008  2.1704161e-007            
2.0611001e-008  1.1411497e-007            
2.0773293e-008  1.3311849e-008            
2.0935584e-008  -8.2792791e-008            
2.1097875e-008  -1.7225834e-007            
2.1260167e-008  -2.5133879e-007            
2.1422458e-008  -3.1911031e-007            
2.1584749e-008  -3.7484934e-007            
2.1747041e-008  -4.156943e-007            
2.1909332e-008  -4.4014735e-007            
2.2071623e-008  -4.4923579e-007            
2.2233915e-008  -4.4198006e-007            
2.2396206e-008  -4.201557e-007            
2.2558497e-008  -3.8220393e-007            
2.2720789e-008  -3.2969293e-007            
2.288308e-008  -2.6549531e-007            
2.3045371e-008  -1.9054958e-007            
2.3207663e-008  -1.0669966e-007            
2.3369954e-008  -1.5691275e-008            
2.3532245e-008  7.8776453e-008            
2.3694537e-008  1.7511068e-007            
2.3856828e-008  2.7174511e-007            
2.4019119e-008  3.6311748e-007            
2.4181411e-008  4.4962034e-007            
2.4343702e-008  5.2891474e-007            
2.4505994e-008  5.9796737e-007            
2.4668285e-008  6.5576855e-007            
2.4830576e-008  6.9918582e-007            
2.4992868e-008  7.2881908e-007            
2.5155159e-008  7.4590933e-007            
2.531745e-008  7.4600528e-007            
2.5479742e-008  7.2969939e-007            
2.5642033e-008  7.008093e-007            
2.5804324e-008  6.5656926e-007            
2.5966616e-008  6.0140947e-007            
2.6128907e-008  5.3306261e-007            
2.6291198e-008  4.548873e-007            
2.645349e-008  3.7055991e-007            
2.6615781e-008  2.8071852e-007            
2.6778072e-008  1.870135e-007            
2.6940364e-008  9.3020494e-008            
2.7102655e-008  6.4519774e-010            
2.7264946e-008  -8.780766e-008            
2.7427238e-008  -1.7043687e-007            
2.7589529e-008  -2.4381289e-007            
2.775182e-008  -3.0739507e-007            
2.7914112e-008  -3.6008117e-007            
2.8076403e-008  -3.9986967e-007            
2.8238695e-008  -4.2432298e-007            
2.8400986e-008  -4.3469022e-007            
2.8563277e-008  -4.3060914e-007            
2.8725569e-008  -4.1298664e-007            
2.888786e-008  -3.7982507e-007            
2.9050151e-008  -3.3326846e-007            
2.9212443e-008  -2.7548841e-007            
2.9374734e-008  -2.0735462e-007            
2.9537025e-008  -1.3026788e-007            
2.9699317e-008  -4.5812498e-008            
2.9861608e-008  4.2411342e-008            
3.0023899e-008  1.3322528e-007            
3.0186191e-008  2.2469099e-007            
3.0348482e-008  3.1245893e-007            
3.0510773e-008  3.9636948e-007            
3.0673065e-008  4.7362788e-007            
3.0835356e-008  5.4249915e-007            
3.0997647e-008  6.0101671e-007            
3.1159939e-008  6.4595128e-007            
3.132223e-008  6.7884549e-007            
3.1484521e-008  6.9997815e-007            
3.1646813e-008  7.0427791e-007            
3.1809104e-008  6.9373936e-007            
3.1971396e-008  6.7037204e-007            
3.2133687e-008  6.3290869e-007            
3.2295978e-008  5.8452596e-007            
3.245827e-008  5.2234871e-007            
3.2620561e-008  4.5094745e-007            
3.2782852e-008  3.7297758e-007            
3.2945144e-008  2.8883647e-007            
3.3107435e-008  2.0046064e-007            
3.3269726e-008  1.1108501e-007            
3.3432018e-008  2.2589768e-008            
3.3594309e-008  -6.2762207e-008            
3.37566e-008  -1.4312823e-007            
3.3918892e-008  -2.1521053e-007            
3.4081183e-008  -2.7852576e-007            
3.4243474e-008  -3.3165878e-007            
3.4405766e-008  -3.7291163e-007            
3.4568057e-008  -3.9986839e-007            
3.4730348e-008  -4.1338718e-007            
3.489264e-008  -4.1351886e-007            
3.5054931e-008  -4.0088303e-007            
3.5217222e-008  -3.7303079e-007            
3.5379514e-008  -3.3276477e-007            
3.5541805e-008  -2.817635e-007            
3.5704097e-008  -2.2080863e-007            
3.5866388e-008  -1.5115473e-007            
3.6028679e-008  -7.4447709e-008            
3.6190971e-008  6.0685584e-009            
3.6353262e-008  8.9284607e-008            
3.6515553e-008  1.729987e-007            
3.6677845e-008  2.5398311e-007            
3.6840136e-008  3.3170652e-007            
3.7002427e-008  4.0299775e-007            
3.7164719e-008  4.6731284e-007            
3.732701e-008  5.2235761e-007            
3.7489301e-008  5.6476936e-007            
3.7651593e-008  5.9711131e-007            
3.7813884e-008  6.1855607e-007            
3.7976175e-008  6.2529945e-007            
3.8138467e-008  6.1929748e-007            
3.8300758e-008  6.0153825e-007            
3.8463049e-008  5.721405e-007            
3.8625341e-008  5.3314704e-007            
3.8787632e-008  4.8195373e-007            
3.8949923e-008  4.2342427e-007            
3.9112215e-008  3.5936492e-007            
3.9274506e-008  2.9009453e-007            
3.9436798e-008  2.1740504e-007            
3.9599089e-008  1.439996e-007            
3.976138e-008  7.165933e-008            
3.9923672e-008  2.0795646e-009            
4.0085963e-008  -6.3156096e-008            
4.0248254e-008  -1.2160518e-007            
4.0410546e-008  -1.7278741e-007            
4.0572837e-008  -2.1543046e-007            
4.0735128e-008  -2.485601e-007            
4.089742e-008  -2.7030369e-007            
4.1059711e-008  -2.8126197e-007            
4.1222002e-008  -2.8193401e-007            
4.1384294e-008  -2.7254596e-007            
4.1546585e-008  -2.5139091e-007            
4.1708876e-008  -2.2095817e-007            
4.1871168e-008  -1.8234208e-007            
4.2033459e-008  -1.3672222e-007            
4.219575e-008  -8.4436438e-008            
4.2358042e-008  -2.7317754e-008            
4.2520333e-008  3.2287132e-008            
4.2682624e-008  9.3824366e-008            
4.2844916e-008  1.5503091e-007            
4.3007207e-008  2.1414059e-007            
4.3169499e-008  2.7072463e-007            
4.333179e-008  3.2186748e-007            
4.3494081e-008  3.6826409e-007            
4.3656373e-008  4.0721346e-007            
4.3818664e-008  4.3713301e-007            
4.3980955e-008  4.5997923e-007            
4.4143247e-008  4.7460975e-007            
4.4305538e-008  4.7897371e-007            
4.4467829e-008  4.7424715e-007            
4.4630121e-008  4.60971e-007            
4.4792412e-008  4.4002566e-007            
4.4954703e-008  4.1213487e-007            
4.5116995e-008  3.7540943e-007            
4.5279286e-008  3.3389555e-007            
4.5441577e-008  2.8846632e-007            
4.5603869e-008  2.3931341e-007            
4.576616e-008  1.8756062e-007            
4.5928451e-008  1.3522964e-007            
4.6090743e-008  8.3420131e-008            
4.6253034e-008  3.3285538e-008            
4.6415325e-008  -1.4100225e-008            
4.6577617e-008  -5.7206019e-008            
4.6739908e-008  -9.5484748e-008            
4.69022e-008  -1.2838517e-007            
4.7064491e-008  -1.5507736e-007            
4.7226782e-008  -1.7379224e-007            
4.7389074e-008  -1.8566836e-007            
4.7551365e-008  -1.905936e-007            
4.7713656e-008  -1.8856825e-007            
4.7875948e-008  -1.7831441e-007            
4.8038239e-008  -1.6139418e-007            
4.820053e-008  -1.3868427e-007            
4.8362822e-008  -1.1081441e-007            
4.8525113e-008  -7.7469538e-008            
4.8687404e-008  -4.0289099e-008            
4.8849696e-008  -5.1043829e-010            
4.9011987e-008  4.141355e-008            
4.9174278e-008  8.3952568e-008            
4.933657e-008  1.261891e-007            
4.9498861e-008  1.6730791e-007            
4.9661152e-008  2.0588431e-007            
4.9823444e-008  2.4203309e-007            
4.9985735e-008  2.7306313e-007            
5.0148026e-008  2.9898954e-007            
5.0310318e-008  3.2016855e-007            
5.0472609e-008  3.3575364e-007            
5.0634901e-008  3.4416413e-007            
5.0797192e-008  3.4562775e-007            
5.0959483e-008  3.4072669e-007            
5.1121775e-008  3.2993369e-007            
5.1284066e-008  3.1293776e-007            
5.1446357e-008  2.8849184e-007            
5.1608649e-008  2.5944552e-007            
5.177094e-008  2.2610791e-007            
5.1933231e-008  1.8880492e-007            
5.2095523e-008  1.4775027e-007            
5.2257814e-008  1.0482312e-007            
5.2420105e-008  6.0859623e-008            
5.2582397e-008  1.670235e-008            
5.2744688e-008  -2.6681699e-008            
5.2906979e-008  -6.7835188e-008            
5.3069271e-008  -1.0617916e-007            
5.3231562e-008  -1.4126147e-007            
5.3393853e-008  -1.7182469e-007            
5.3556145e-008  -1.9603078e-007            
5.3718436e-008  -2.148419e-007            
5.3880727e-008  -2.2780897e-007            
5.4043019e-008  -2.3473926e-007            
5.420531e-008  -2.3339543e-007            
5.4367602e-008  -2.2567527e-007            
5.4529893e-008  -2.1204042e-007            
5.4692184e-008  -1.9265944e-007            
5.4854476e-008  -1.6685112e-007            
5.5016767e-008  -1.3601132e-007            
5.5179058e-008  -1.0133686e-007            
5.534135e-008  -6.3419243e-008            
5.5503641e-008  -2.3027241e-008            
5.5665932e-008  1.8778469e-008            
5.5828224e-008  6.0707593e-008            
5.5990515e-008  1.0194382e-007            
5.6152806e-008  1.4187714e-007            
5.6315098e-008  1.7806544e-007            
5.6477389e-008  2.1057416e-007            
5.663968e-008  2.3900225e-007            
5.6801972e-008  2.6269687e-007            
5.6964263e-008  2.7977942e-007            
5.7126554e-008  2.9025455e-007            
5.7288846e-008  2.9477473e-007            
5.7451137e-008  2.9340219e-007            
5.7613428e-008  2.8541972e-007            
5.777572e-008  2.701724e-007            
5.7938011e-008  2.4983899e-007            
5.8100303e-008  2.2482158e-007            
5.8262594e-008  1.9561166e-007            
5.8424885e-008  1.6177992e-007            
5.8587177e-008  1.257416e-007            
5.8749468e-008  8.826005e-008            
5.8911759e-008  5.0056818e-008            
5.9074051e-008  1.2141353e-008            
5.9236342e-008  -2.4134778e-008            
5.9398633e-008  -5.8063708e-008            
5.9560925e-008  -8.9100203e-008            
5.9723216e-008  -1.1606635e-007            
5.9885507e-008  -1.3748411e-007            
6.0047799e-008  -1.5404124e-007            
6.021009e-008  -1.6529563e-007            
6.0372381e-008  -1.7124254e-007            
6.0534673e-008  -1.6975193e-007            
6.0696964e-008  -1.6269543e-007            
6.0859255e-008  -1.5082741e-007            
6.1021547e-008  -1.3409821e-007            
6.1183838e-008  -1.1174965e-007            
6.1346129e-008  -8.5954945e-008            
6.1508421e-008  -5.7120177e-008            
6.1670712e-008  -2.605058e-008            
6.1833004e-008  6.2839288e-009            
6.1995295e-008  3.9390488e-008            
6.2157586e-008  7.1757024e-008            
6.2319878e-008  1.0279071e-007            
6.2482169e-008  1.3228709e-007            
6.264446e-008  1.5779049e-007            
6.2806752e-008  1.7992227e-007            
6.2969043e-008  1.9844795e-007            
6.3131334e-008  2.1276069e-007            
6.3293626e-008  2.2161548e-007            
6.3455917e-008  2.2536277e-007            
6.3618208e-008  2.2480224e-007            
6.37805e-008  2.201087e-007            
6.3942791e-008  2.1078308e-007            
6.4105082e-008  1.9688603e-007            
6.4267374e-008  1.8002831e-007            
6.4429665e-008  1.6098654e-007            
6.4591956e-008  1.4012641e-007            
6.4754248e-008  1.1684852e-007            
6.4916539e-008  9.3769174e-008            
6.507883e-008  7.1002474e-008            
6.5241122e-008  4.905705e-008            
6.5403413e-008  2.8790705e-008            
6.5565705e-008  1.0756329e-008            
6.5727996e-008  -4.5232881e-009            
6.5890287e-008  -1.6934831e-008            
6.6052579e-008  -2.5867204e-008            
6.621487e-008  -3.0792194e-008            
6.6377161e-008  -3.2435774e-008            
6.6539453e-008  -3.0555368e-008            
6.6701744e-008  -2.5989253e-008            
6.6864035e-008  -1.7332203e-008            
6.7026327e-008  -5.8370088e-009            
6.7188618e-008  6.5159829e-009            
6.7350909e-008  2.0770064e-008            
6.7513201e-008  3.6884524e-008            
6.7675492e-008  5.2593568e-008            
6.7837783e-008  6.8523597e-008            
6.8000075e-008  8.3414222e-008            
6.8162366e-008  9.6825482e-008            
6.8324657e-008  1.0896052e-007            
6.8486949e-008  1.1824972e-007            
6.864924e-008  1.2519068e-007            
6.8811531e-008  1.2986604e-007            
6.8973823e-008  1.3056869e-007            
6.9136114e-008  1.2865994e-007            
6.9298406e-008  1.2406107e-007            
6.9460697e-008  1.1713254e-007            
6.9622988e-008  1.0703368e-007            
6.978528e-008  9.4687436e-008            
6.9947571e-008  8.1317497e-008            
7.0109862e-008  6.6700834e-008            
7.0272154e-008  5.1379687e-008            
7.0434445e-008  3.5590857e-008            
7.0596736e-008  1.9936691e-008            
7.0759028e-008  6.2848623e-009            
7.0921319e-008  -6.2321161e-009            
7.108361e-008  -1.7995545e-008            
7.1245902e-008  -2.623695e-008            
7.1408193e-008  -3.2426169e-008            
7.1570484e-008  -3.5920071e-008            
7.1732776e-008  -3.6282038e-008            
7.1895067e-008  -3.3960428e-008            
7.2057358e-008  -2.8614513e-008            
7.221965e-008  -2.0805845e-008            
7.2381941e-008  -1.0375481e-008            
7.2544232e-008  2.362209e-009            
7.2706524e-008  1.6670753e-008            
7.2868815e-008  3.2675274e-008            
7.3031107e-008  4.8480133e-008            
7.3193398e-008  6.5795076e-008            
7.3355689e-008  8.3234085e-008            
7.3517981e-008  9.8738585e-008            
7.3680272e-008  1.1390541e-007            
7.3842563e-008  1.2792496e-007            
7.4004855e-008  1.3937116e-007            
7.4167146e-008  1.4944613e-007            
7.4329437e-008  1.5628673e-007            
7.4491729e-008  1.6071611e-007            
7.465402e-008  1.631687e-007            
7.4816311e-008  1.6179473e-007            
7.4978603e-008  1.584026e-007            
7.5140894e-008  1.5289392e-007            
7.5303185e-008  1.441e-007            
7.5465477e-008  1.3371909e-007            
7.5627768e-008  1.2171916e-007            
7.5790059e-008  1.0875057e-007            
7.5952351e-008  9.3962908e-008            
7.6114642e-008  7.8654042e-008            
7.6276933e-008  6.3597108e-008            
7.6439225e-008  4.8490943e-008            
7.6601516e-008  3.4171159e-008            
7.6763808e-008  2.016594e-008            
7.6926099e-008  6.9745773e-009            
7.708839e-008  -3.4643451e-009            
7.7250682e-008  -1.3018896e-008            
7.7412973e-008  -2.1507315e-008            
7.7575264e-008  -2.736049e-008            
7.7737556e-008  -3.1792518e-008            
7.7899847e-008  -3.426744e-008            
7.8062138e-008  -3.5083582e-008            
7.822443e-008  -3.4328408e-008            
7.8386721e-008  -3.2023898e-008            
7.8549012e-008  -2.8735725e-008            
7.8711304e-008  -2.3977509e-008            
7.8873595e-008  -1.8600942e-008            
7.9035886e-008  -1.254039e-008            
7.9198178e-008  -5.9338661e-009            
7.9360469e-008  -9.6917831e-011            
7.952276e-008  7.038211e-009            
7.9685052e-008  1.3703946e-008            
7.9847343e-008  1.9155202e-008            
8.0009634e-008  2.4694529e-008            
8.0171926e-008  2.9750727e-008            
8.0334217e-008  3.3957148e-008            
8.0496509e-008  3.7919085e-008            
8.06588e-008  4.0136945e-008            
8.0821091e-008  4.2282262e-008            
8.0983383e-008  4.4034142e-008            
8.1145674e-008  4.4422273e-008            
8.1307965e-008  4.4616548e-008            
8.1470257e-008  4.4294397e-008            
8.1632548e-008  4.3342988e-008            
8.1794839e-008  4.1967999e-008            
8.1957131e-008  4.0421625e-008            
8.2119422e-008  3.9038612e-008            
8.2281713e-008  3.6462646e-008            
8.2444005e-008  3.4239163e-008            
8.2606296e-008  3.199222e-008            
8.2768587e-008  2.9252267e-008            
8.2930879e-008  2.7036062e-008            
8.309317e-008  2.3904057e-008            
8.3255461e-008  2.0619821e-008            
8.3417753e-008  1.7985456e-008            
8.3580044e-008  1.4505856e-008            
8.3742335e-008  1.0575503e-008            
8.3904627e-008  6.7264725e-009            
8.4066918e-008  2.3576486e-009            
8.422921e-008  -2.1384504e-009            
8.4391501e-008  -7.1056437e-009            
8.4553792e-008  -1.2233718e-008            
8.4716084e-008  -1.7707219e-008            
8.4878375e-008  -2.3514464e-008            
8.5040666e-008  -2.9047412e-008            
8.5202958e-008  -3.4828786e-008            
8.5365249e-008  -4.0328417e-008            
8.552754e-008  -4.5734385e-008            
8.5689832e-008  -5.1074071e-008            
8.5852123e-008  -5.4902507e-008            
8.6014414e-008  -5.8482884e-008            
8.6176706e-008  -6.144262e-008            
8.6338997e-008  -6.3152417e-008            
8.6501288e-008  -6.3512028e-008            
8.666358e-008  -6.2563742e-008            
8.6825871e-008  -6.0262585e-008            
8.6988162e-008  -5.6870414e-008            
8.7150454e-008  -5.1666133e-008            
8.7312745e-008  -4.5149158e-008            
8.7475036e-008  -3.7294309e-008            
8.7637328e-008  -2.8317284e-008            
8.7799619e-008  -1.8255972e-008            
8.7961911e-008  -7.454008e-009            
8.8124202e-008  3.5567541e-009            
8.8286493e-008  1.5186105e-008            
8.8448785e-008  2.6772873e-008            
8.8611076e-008  3.6875857e-008            
8.8773367e-008  4.6744922e-008            
8.8935659e-008  5.5106406e-008            
8.909795e-008  6.1736128e-008            
8.9260241e-008  6.6275639e-008            
8.9422533e-008  6.7924268e-008            
8.9584824e-008  6.7047049e-008            
8.9747115e-008  6.3361872e-008            
8.9909407e-008  5.6220317e-008            
9.0071698e-008  4.5674408e-008            
9.0233989e-008  3.1924217e-008            
9.0396281e-008  1.500298e-008            
9.0558572e-008  -5.1024031e-009            
9.0720863e-008  -2.7901818e-008            
9.0883155e-008  -5.2976561e-008            
9.1045446e-008  -8.0185636e-008            
9.1207737e-008  -1.0890533e-007            
9.1370029e-008  -1.3814124e-007            
9.153232e-008  -1.6728449e-007            
9.1694612e-008  -1.960099e-007            
9.1856903e-008  -2.2365354e-007            
9.2019194e-008  -2.4901146e-007            
9.2181486e-008  -2.7118302e-007            
9.2343777e-008  -2.8983898e-007            
9.2506068e-008  -3.0475325e-007            
9.266836e-008  -3.158405e-007            
