0  2.8280655e-006            
1.6237026e-010  2.7984372e-006            
3.2474052e-010  2.7279297e-006            
4.8711078e-010  2.6122755e-006            
6.4948104e-010  2.4494281e-006            
8.118513e-010  2.2550887e-006            
9.7422156e-010  2.0232015e-006            
1.1365918e-009  1.7664198e-006            
1.2989621e-009  1.4954133e-006            
1.4613323e-009  1.2049653e-006            
1.6237026e-009  9.1572546e-007            
1.7860729e-009  6.3045131e-007            
1.9484431e-009  3.5441161e-007            
2.1108134e-009  1.0101811e-007            
2.2731836e-009  -1.2904552e-007            
2.4355539e-009  -3.2483641e-007            
2.5979242e-009  -4.815204e-007            
2.7602944e-009  -6.0111572e-007            
2.9226647e-009  -6.7534229e-007            
3.0850349e-009  -7.0565191e-007            
3.2474052e-009  -6.929329e-007            
3.4097755e-009  -6.3530767e-007            
3.5721457e-009  -5.395148e-007            
3.734516e-009  -4.060331e-007            
3.8968863e-009  -2.3857488e-007            
4.0592565e-009  -4.7297389e-008            
4.2216268e-009  1.6772073e-007            
4.383997e-009  3.9676264e-007            
4.5463673e-009  6.3233971e-007            
4.7087376e-009  8.7167266e-007            
4.8711078e-009  1.1002831e-006            
5.0334781e-009  1.3182444e-006            
5.1958483e-009  1.5202577e-006            
5.3582186e-009  1.6935109e-006            
5.5205889e-009  1.8436006e-006            
5.6829591e-009  1.9608251e-006            
5.8453294e-009  2.0430058e-006            
6.0076996e-009  2.0950793e-006            
6.1700699e-009  2.1050839e-006            
6.3324402e-009  2.0831332e-006            
6.4948104e-009  2.0296794e-006            
6.6571807e-009  1.9391339e-006            
6.8195509e-009  1.8232988e-006            
6.9819212e-009  1.6813854e-006            
7.1442915e-009  1.5191513e-006            
7.3066617e-009  1.3461765e-006            
7.469032e-009  1.1579039e-006            
7.6314022e-009  9.6756543e-007            
7.7937725e-009  7.7843433e-007            
7.9561428e-009  5.9110731e-007            
8.118513e-009  4.1597144e-007            
8.2808833e-009  2.5270218e-007            
8.4432535e-009  1.0616266e-007            
8.6056238e-009  -1.8442476e-008            
8.7679941e-009  -1.2386026e-007            
8.9303643e-009  -2.0308901e-007            
9.0927346e-009  -2.5638903e-007            
9.2551048e-009  -2.8616007e-007            
9.4174751e-009  -2.899393e-007            
9.5798454e-009  -2.7145119e-007            
9.7422156e-009  -2.3123305e-007            
9.9045859e-009  -1.6982659e-007            
1.0066956e-008  -9.4008824e-008            
1.0229326e-008  -2.2891328e-009            
1.0391697e-008  1.0091152e-007            
1.0554067e-008  2.1071984e-007            
1.0716437e-008  3.2752834e-007            
1.0878807e-008  4.4426814e-007            
1.1041178e-008  5.6004845e-007            
1.1203548e-008  6.733464e-007            
1.1365918e-008  7.7525911e-007            
1.1528288e-008  8.7042705e-007            
1.1690659e-008  9.5423179e-007            
1.1853029e-008  1.0231919e-006            
1.2015399e-008  1.0811075e-006            
1.217777e-008  1.1212877e-006            
1.234014e-008  1.1470447e-006            
1.250251e-008  1.1600594e-006            
1.266488e-008  1.1535116e-006            
1.2827251e-008  1.1357976e-006            
1.2989621e-008  1.1043837e-006            
1.3151991e-008  1.0591941e-006            
1.3314361e-008  1.0060477e-006            
1.3476732e-008  9.4038077e-007            
1.3639102e-008  8.6880709e-007            
1.3801472e-008  7.9397259e-007            
1.3963842e-008  7.1241701e-007            
1.4126213e-008  6.3208802e-007            
1.4288583e-008  5.5179874e-007            
1.4450953e-008  4.728836e-007            
1.4613323e-008  4.0019188e-007            
1.4775694e-008  3.3068627e-007            
1.4938064e-008  2.6913486e-007            
1.5100434e-008  2.1684034e-007            
1.5262804e-008  1.7132837e-007            
1.5425175e-008  1.374804e-007            
1.5587545e-008  1.1379292e-007            
1.5749915e-008  1.0036673e-007            
1.5912286e-008  9.9242035e-008            
1.6074656e-008  1.062521e-007            
1.6237026e-008  1.2406343e-007            
1.6399396e-008  1.5176084e-007            
1.6561767e-008  1.8560553e-007            
1.6724137e-008  2.2826294e-007            
1.6886507e-008  2.7590711e-007            
1.7048877e-008  3.2759161e-007            
1.7211248e-008  3.842171e-007            
1.7373618e-008  4.3964495e-007            
1.7535988e-008  4.9649524e-007            
1.7698358e-008  5.5261388e-007            
1.7860729e-008  6.0315544e-007            
1.8023099e-008  6.5140782e-007            
1.8185469e-008  6.9280852e-007            
1.8347839e-008  7.2736563e-007            
1.851021e-008  7.5677098e-007            
1.867258e-008  7.747292e-007            
1.883495e-008  7.8615944e-007            
1.899732e-008  7.895904e-007            
1.9159691e-008  7.8244351e-007            
1.9322061e-008  7.6939575e-007            
1.9484431e-008  7.4718027e-007            
1.9646802e-008  7.1809122e-007            
1.9809172e-008  6.8519267e-007            
1.9971542e-008  6.4377167e-007            
2.0133912e-008  6.0051429e-007            
2.0296283e-008  5.5533783e-007            
2.0458653e-008  5.0773528e-007            
2.0621023e-008  4.6255148e-007            
2.0783393e-008  4.1770207e-007            
2.0945764e-008  3.7611715e-007            
2.1108134e-008  3.4031695e-007            
2.1270504e-008  3.0690036e-007            
2.1432874e-008  2.81082e-007            
2.1595245e-008  2.6183422e-007            
2.1757615e-008  2.4843409e-007            
2.1919985e-008  2.4374672e-007            
2.2082355e-008  2.4474608e-007            
2.2244726e-008  2.5318627e-007            
2.2407096e-008  2.6931973e-007            
2.2569466e-008  2.8871561e-007            
2.2731836e-008  3.1452587e-007            
2.2894207e-008  3.4404189e-007            
2.3056577e-008  3.7540428e-007            
2.3218947e-008  4.1020584e-007            
2.3381318e-008  4.4376602e-007            
2.3543688e-008  4.7741978e-007            
2.3706058e-008  5.1082846e-007            
2.3868428e-008  5.3895629e-007            
2.4030799e-008  5.6556237e-007            
2.4193169e-008  5.8751378e-007            
2.4355539e-008  6.0360146e-007            
2.4517909e-008  6.1611651e-007            
2.468028e-008  6.2072616e-007            
2.484265e-008  6.2083831e-007            
2.500502e-008  6.169303e-007            
2.516739e-008  6.0523455e-007            
2.5329761e-008  5.9117377e-007            
2.5492131e-008  5.7249307e-007            
2.5654501e-008  5.4985237e-007            
2.5816871e-008  5.2690236e-007            
2.5979242e-008  4.9979805e-007            
2.6141612e-008  4.7319739e-007            
2.6303982e-008  4.4776438e-007            
2.6466352e-008  4.2108657e-007            
2.6628723e-008  3.9814999e-007            
2.6791093e-008  3.7699018e-007            
2.6953463e-008  3.5855666e-007            
2.7115833e-008  3.4548746e-007            
2.7278204e-008  3.3399744e-007            
2.7440574e-008  3.2779169e-007            
2.7602944e-008  3.2637321e-007            
2.7765315e-008  3.2729223e-007            
2.7927685e-008  3.3368548e-007            
2.8090055e-008  3.4271905e-007            
2.8252425e-008  3.5463066e-007            
2.8414796e-008  3.7072884e-007            
2.8577166e-008  3.8641299e-007            
2.8739536e-008  4.0475686e-007            
2.8901906e-008  4.2406422e-007            
2.9064277e-008  4.41729e-007            
2.9226647e-008  4.6044639e-007            
2.9389017e-008  4.7676238e-007            
2.9551387e-008  4.9126882e-007            
2.9713758e-008  5.0536236e-007            
2.9876128e-008  5.1391777e-007            
3.0038498e-008  5.2126685e-007            
3.0200868e-008  5.2582453e-007            
3.0363239e-008  5.2561082e-007            
3.0525609e-008  5.2414388e-007            
3.0687979e-008  5.1810823e-007            
3.0850349e-008  5.0937765e-007            
3.101272e-008  4.9984574e-007            
3.117509e-008  4.8474842e-007            
3.133746e-008  4.6978165e-007            
3.1499831e-008  4.5356729e-007            
3.1662201e-008  4.351661e-007            
3.1824571e-008  4.1827523e-007            
3.1986941e-008  3.9995406e-007            
3.2149312e-008  3.8268958e-007            
3.2311682e-008  3.6807653e-007            
3.2474052e-008  3.5242293e-007            
3.2636422e-008  3.4047014e-007            
3.2798793e-008  3.3074498e-007            
3.2961163e-008  3.2265127e-007            
3.3123533e-008  3.1900999e-007            
3.3285903e-008  3.1675929e-007            
3.3448274e-008  3.1804626e-007            
3.3610644e-008  3.2349397e-007            
3.3773014e-008  3.2956771e-007            
3.3935384e-008  3.3989971e-007            
3.4097755e-008  3.5236284e-007            
3.4260125e-008  3.661262e-007            
3.4422495e-008  3.8322523e-007            
3.4584865e-008  3.9977052e-007            
3.4747236e-008  4.1783695e-007            
3.4909606e-008  4.3729053e-007            
3.5071976e-008  4.542635e-007            
3.5234347e-008  4.7224642e-007            
3.5396717e-008  4.8844233e-007            
3.5559087e-008  5.0192905e-007            
3.5721457e-008  5.1504288e-007            
3.5883828e-008  5.2326194e-007            
3.6046198e-008  5.2957868e-007            
3.6208568e-008  5.3372252e-007            
3.6370938e-008  5.322366e-007            
3.6533309e-008  5.2926571e-007            
3.6695679e-008  5.2213756e-007            
3.6858049e-008  5.1123391e-007            
3.7020419e-008  4.9920925e-007            
3.718279e-008  4.8192725e-007            
3.734516e-008  4.6357499e-007            
3.750753e-008  4.4415363e-007            
3.76699e-008  4.2138141e-007            
3.7832271e-008  3.9972137e-007            
3.7994641e-008  3.7719149e-007            
3.8157011e-008  3.5509619e-007            
3.8319381e-008  3.3609925e-007            
3.8481752e-008  3.1663997e-007            
3.8644122e-008  3.0107914e-007            
3.8806492e-008  2.8914014e-007            
3.8968863e-008  2.7917295e-007            
3.9131233e-008  2.7476108e-007            
3.9293603e-008  2.7350584e-007            
3.9455973e-008  2.764691e-007            
3.9618344e-008  2.8535443e-007            
3.9780714e-008  2.9587941e-007            
3.9943084e-008  3.1180329e-007            
4.0105454e-008  3.3151674e-007            
4.0267825e-008  3.5272189e-007            
4.0430195e-008  3.7793594e-007            
4.0592565e-008  4.0350133e-007            
4.0754935e-008  4.3003482e-007            
4.0917306e-008  4.5844216e-007            
4.1079676e-008  4.8308331e-007            
4.1242046e-008  5.0800368e-007            
4.1404416e-008  5.3078426e-007            
4.1566787e-008  5.491381e-007            
4.1729157e-008  5.6579878e-007            
4.1891527e-008  5.7667979e-007            
4.2053897e-008  5.8328307e-007            
4.2216268e-008  5.864889e-007            
4.2378638e-008  5.8174113e-007            
4.2541008e-008  5.7413986e-007            
4.2703378e-008  5.6189123e-007            
4.2865749e-008  5.4416199e-007            
4.3028119e-008  5.2461627e-007            
4.3190489e-008  5.0011643e-007            
4.335286e-008  4.7372347e-007            
4.351523e-008  4.471083e-007            
4.36776e-008  4.1707602e-007            
4.383997e-008  3.8884246e-007            
4.4002341e-008  3.6126845e-007            
4.4164711e-008  3.3453576e-007            
4.4327081e-008  3.1199177e-007            
4.4489451e-008  2.9104294e-007            
4.4651822e-008  2.7455328e-007            
4.4814192e-008  2.6335587e-007            
4.4976562e-008  2.5474372e-007            
4.5138932e-008  2.5234121e-007            
4.5301303e-008  2.5432747e-007            
4.5463673e-008  2.6033375e-007            
4.5626043e-008  2.7213737e-007            
4.5788413e-008  2.8617839e-007            
4.5950784e-008  3.0439248e-007            
4.6113154e-008  3.2625529e-007            
4.6275524e-008  3.4841842e-007            
4.6437894e-008  3.7348028e-007            
4.6600265e-008  3.9836766e-007            
4.6762635e-008  4.2249954e-007            
4.6925005e-008  4.4728238e-007            
4.7087376e-008  4.6821526e-007            
4.7249746e-008  4.8793005e-007            
4.7412116e-008  5.0564063e-007            
4.7574486e-008  5.1815759e-007            
4.7736857e-008  5.2899834e-007            
4.7899227e-008  5.352751e-007            
4.8061597e-008  5.3748199e-007            
4.8223967e-008  5.3797722e-007            
4.8386338e-008  5.3229365e-007            
4.8548708e-008  5.2489786e-007            
4.8711078e-008  5.1530921e-007            
4.8873448e-008  5.0136422e-007            
4.9035819e-008  4.8769966e-007            
4.9198189e-008  4.7178461e-007            
4.9360559e-008  4.5519889e-007            
4.9522929e-008  4.4055062e-007            
4.96853e-008  4.2361866e-007            
4.984767e-008  4.0934721e-007            
5.001004e-008  3.969838e-007            
5.017241e-008  3.8489784e-007            
5.0334781e-008  3.7673302e-007            
5.0497151e-008  3.6969082e-007            
5.0659521e-008  3.6516779e-007            
5.0821892e-008  3.6480717e-007            
5.0984262e-008  3.64095e-007            
5.1146632e-008  3.6718299e-007            
5.1309002e-008  3.7239972e-007            
5.1471373e-008  3.7800007e-007            
5.1633743e-008  3.8657568e-007            
5.1796113e-008  3.9477121e-007            
5.1958483e-008  4.0381853e-007            
5.2120854e-008  4.1464946e-007            
5.2283224e-008  4.2269206e-007            
5.2445594e-008  4.3199573e-007            
5.2607964e-008  4.4057365e-007            
5.2770335e-008  4.4703201e-007            
5.2932705e-008  4.5414701e-007            
5.3095075e-008  4.5828029e-007            
5.3257445e-008  4.6130294e-007            
5.3419816e-008  4.6455161e-007            
5.3582186e-008  4.6379138e-007            
5.3744556e-008  4.6383991e-007            
5.3906926e-008  4.6272743e-007            
5.4069297e-008  4.5980895e-007            
5.4231667e-008  4.5835455e-007            
5.4394037e-008  4.5455605e-007            
5.4556408e-008  4.5148023e-007            
5.4718778e-008  4.5000316e-007            
5.4881148e-008  4.4625143e-007            
5.5043518e-008  4.4512919e-007            
5.5205889e-008  4.4436248e-007            
5.5368259e-008  4.436576e-007            
5.5530629e-008  4.4596245e-007            
5.5692999e-008  4.4708286e-007            
5.585537e-008  4.5025356e-007            
5.601774e-008  4.5560237e-007            
5.618011e-008  4.5946934e-007            
5.634248e-008  4.660887e-007            
5.6504851e-008  4.7270265e-007            
5.6667221e-008  4.7915009e-007            
5.6829591e-008  4.8777777e-007            
5.6991961e-008  4.9398339e-007            
5.7154332e-008  5.0113203e-007            
5.7316702e-008  5.0874311e-007            
5.7479072e-008  5.1347896e-007            
5.7641442e-008  5.1903651e-007            
5.7803813e-008  5.2253745e-007            
5.7966183e-008  5.24315e-007            
5.8128553e-008  5.2660337e-007            
5.8290923e-008  5.2464297e-007            
5.8453294e-008  5.2246837e-007            
5.8615664e-008  5.1936519e-007            
5.8778034e-008  5.126369e-007            
5.8940405e-008  5.0631253e-007            
5.9102775e-008  4.9742436e-007            
5.9265145e-008  4.870325e-007            
5.9427515e-008  4.774708e-007            
5.9589886e-008  4.6409652e-007            
5.9752256e-008  4.5163343e-007            
5.9914626e-008  4.3914112e-007            
6.0076996e-008  4.249114e-007            
6.0239367e-008  4.1294225e-007            
6.0401737e-008  4.0037949e-007            
6.0564107e-008  3.8889063e-007            
6.0726477e-008  3.806836e-007            
6.0888848e-008  3.7118293e-007            
6.1051218e-008  3.6548518e-007            
6.1213588e-008  3.623604e-007            
6.1375958e-008  3.6029398e-007            
6.1538329e-008  3.6286282e-007            
6.1700699e-008  3.6682605e-007            
6.1863069e-008  3.7398598e-007            
6.2025439e-008  3.8599221e-007            
6.218781e-008  3.9781107e-007            
6.235018e-008  4.1427222e-007            
6.251255e-008  4.3323748e-007            
6.2674921e-008  4.5294386e-007            
6.2837291e-008  4.7638079e-007            
6.2999661e-008  4.9920173e-007            
6.3162031e-008  5.2319253e-007            
6.3324402e-008  5.4904262e-007            
6.3486772e-008  5.7120495e-007            
6.3649142e-008  5.943061e-007            
6.3811512e-008  6.1539813e-007            
6.3973883e-008  6.327723e-007            
6.4136253e-008  6.4923416e-007            
6.4298623e-008  6.5938866e-007            
6.4460993e-008  6.6606112e-007            
6.4623364e-008  6.6970289e-007            
6.4785734e-008  6.6550205e-007            
6.4948104e-008  6.5841819e-007            
6.5110474e-008  6.458952e-007            
6.5272845e-008  6.2749653e-007            
6.5435215e-008  6.0652821e-007            
6.5597585e-008  5.790471e-007            
6.5759955e-008  5.4880556e-007            
6.5922326e-008  5.1675511e-007            
6.6084696e-008  4.7998928e-007            
6.6247066e-008  4.4377088e-007            
6.6409437e-008  4.0650573e-007            
6.6571807e-008  3.69189e-007            
6.6734177e-008  3.3549227e-007            
6.6896547e-008  3.0233385e-007            
6.7058918e-008  2.7393442e-007            
6.7221288e-008  2.510459e-007            
6.7383658e-008  2.3145031e-007            
6.7546028e-008  2.1963756e-007            
6.7708399e-008  2.1356919e-007            
6.7870769e-008  2.1385407e-007            
6.8033139e-008  2.2288698e-007            
6.8195509e-008  2.3631603e-007            
6.835788e-008  2.5758245e-007            
6.852025e-008  2.8573155e-007            
6.868262e-008  3.175632e-007            
6.884499e-008  3.5589412e-007            
6.9007361e-008  3.9670098e-007            
6.9169731e-008  4.3961478e-007            
6.9332101e-008  4.8571526e-007            
6.9494471e-008  5.2880506e-007            
6.9656842e-008  5.7215434e-007            
6.9819212e-008  6.1351744e-007            
6.9981582e-008  6.49187e-007            
7.0143953e-008  6.8207967e-007            
7.0306323e-008  7.0786341e-007            
7.0468693e-008  7.2701082e-007            
7.0631063e-008  7.4103865e-007            
7.0793434e-008  7.4413388e-007            
7.0955804e-008  7.4054385e-007            
7.1118174e-008  7.2958188e-007            
7.1280544e-008  7.0954265e-007            
7.1442915e-008  6.846236e-007            
7.1605285e-008  6.5209387e-007            
7.1767655e-008  6.145107e-007            
7.1930025e-008  5.7463357e-007            
7.2092396e-008  5.2867094e-007            
7.2254766e-008  4.8283358e-007            
7.2417136e-008  4.3668056e-007            
7.2579506e-008  3.9008312e-007            
7.2741877e-008  3.4745571e-007            
7.2904247e-008  3.066488e-007            
7.3066617e-008  2.7082145e-007            
7.3228987e-008  2.4225595e-007            
7.3391358e-008  2.1737812e-007            
7.3553728e-008  2.0116598e-007            
7.3716098e-008  1.9215257e-007            
7.3878468e-008  1.8948279e-007            
7.4040839e-008  1.9590708e-007            
7.4203209e-008  2.0767243e-007            
7.4365579e-008  2.2654662e-007            
7.452795e-008  2.5267162e-007            
7.469032e-008  2.8137397e-007            
7.485269e-008  3.1596104e-007            
7.501506e-008  3.5333739e-007            
7.5177431e-008  3.9175406e-007            
7.5339801e-008  4.3258993e-007            
7.5502171e-008  4.7083642e-007            
7.5664541e-008  5.0813871e-007            
7.5826912e-008  5.4389505e-007            
7.5989282e-008  5.7359046e-007            
7.6151652e-008  6.0065277e-007            
7.6314022e-008  6.2210326e-007            
7.6476393e-008  6.3723196e-007            
7.6638763e-008  6.4832181e-007            
7.6801133e-008  6.5110888e-007            
7.6963503e-008  6.4887896e-007            
7.7125874e-008  6.4184286e-007            
7.7288244e-008  6.2710556e-007            
7.7450614e-008  6.091513e-007            
7.7612984e-008  5.8582439e-007            
7.7775355e-008  5.5854646e-007            
7.7937725e-008  5.305567e-007            
7.8100095e-008  4.9834962e-007            
7.8262466e-008  4.6651037e-007            
7.8424836e-008  4.3549183e-007            
7.8587206e-008  4.0332296e-007            
7.8749576e-008  3.7467037e-007            
7.8911947e-008  3.4748301e-007            
7.9074317e-008  3.2301294e-007            
7.9236687e-008  3.0393539e-007            
7.9399057e-008  2.86239e-007            
7.9561428e-008  2.7420376e-007            
7.9723798e-008  2.6737661e-007            
7.9886168e-008  2.6344628e-007            
8.0048538e-008  2.6569056e-007            
8.0210909e-008  2.7109714e-007            
8.0373279e-008  2.8032634e-007            
8.0535649e-008  2.9481645e-007            
8.0698019e-008  3.0974988e-007            
8.086039e-008  3.2871605e-007            
8.102276e-008  3.5002153e-007            
8.118513e-008  3.7126304e-007            
8.13475e-008  3.9496254e-007            
8.1509871e-008  4.1761744e-007            
8.1672241e-008  4.3992157e-007            
8.1834611e-008  4.6293169e-007            
