ACF 7°             
0  2.8280655e-006            
1.6226525e-010  2.8034505e-006            
3.245305e-010  2.7331658e-006            
4.8679575e-010  2.6192289e-006            
6.4906099e-010  2.4649097e-006            
8.1132624e-010  2.2746262e-006            
9.7359149e-010  2.053805e-006            
1.1358567e-009  1.8087115e-006            
1.298122e-009  1.5462558e-006            
1.4603872e-009  1.2687792e-006            
1.6226525e-009  9.8940829e-007            
1.7849177e-009  7.156819e-007            
1.947183e-009  4.5487384e-007            
2.1094482e-009  2.1378349e-007            
2.2717135e-009  -1.4548226e-009            
2.4339787e-009  -1.8553814e-007            
2.596244e-009  -3.3413224e-007            
2.7585092e-009  -4.469757e-007            
2.9207745e-009  -5.1872306e-007            
3.0830397e-009  -5.4853857e-007            
3.245305e-009  -5.3676247e-007            
3.4075702e-009  -4.8486901e-007            
3.5698355e-009  -3.9539237e-007            
3.7321007e-009  -2.71824e-007            
3.894366e-009  -1.1848578e-007            
4.0566312e-009  5.6546436e-008            
4.2188965e-009  2.5052393e-007            
4.3811617e-009  4.575265e-007            
4.543427e-009  6.7147297e-007            
4.7056922e-009  8.8629183e-007            
4.8679575e-009  1.0960842e-006            
5.0302227e-009  1.2952744e-006            
5.192488e-009  1.4787456e-006            
5.3547532e-009  1.6376277e-006            
5.5170184e-009  1.7721655e-006            
5.6792837e-009  1.8793119e-006            
5.8415489e-009  1.9568229e-006            
6.0038142e-009  2.0032816e-006            
6.1660794e-009  2.0181e-006            
6.3283447e-009  2.0014995e-006            
6.4906099e-009  1.954473e-006            
6.6528752e-009  1.8743977e-006            
6.8151404e-009  1.7682192e-006            
6.9774057e-009  1.6389373e-006            
7.1396709e-009  1.4900164e-006            
7.3019362e-009  1.325288e-006            
7.4642014e-009  1.1488498e-006            
7.6264667e-009  9.6496287e-007            
7.7887319e-009  7.7795134e-007            
7.9509972e-009  5.893574e-007            
8.1132624e-009  4.0650776e-007            
8.2755277e-009  2.3332473e-007            
8.4377929e-009  7.342009e-008            
8.6000582e-009  -6.9974889e-008            
8.7623234e-009  -1.9406998e-007            
8.9245887e-009  -2.9656637e-007            
9.0868539e-009  -3.7569651e-007            
9.2491192e-009  -4.3161121e-007            
9.4113844e-009  -4.6219124e-007            
9.5736497e-009  -4.6745651e-007            
9.7359149e-009  -4.4800241e-007            
9.8981802e-009  -4.0498e-007            
1.0060445e-008  -3.4006508e-007            
1.0222711e-008  -2.5541647e-007            
1.0384976e-008  -1.5362402e-007            
1.0547241e-008  -3.9024808e-008            
1.0709506e-008  8.6327705e-008            
1.0871772e-008  2.1893294e-007            
1.1034037e-008  3.5516204e-007            
1.1196302e-008  4.9134441e-007            
1.1358567e-008  6.2385595e-007            
1.1520833e-008  7.4920692e-007            
1.1683098e-008  8.6412722e-007            
1.1845363e-008  9.635721e-007            
1.2007628e-008  1.0469016e-006            
1.2169894e-008  1.1120051e-006            
1.2332159e-008  1.1572693e-006            
1.2494424e-008  1.1816182e-006            
1.2656689e-008  1.1845376e-006            
1.2818955e-008  1.1660857e-006            
1.298122e-008  1.126888e-006            
1.3143485e-008  1.0660632e-006            
1.330575e-008  9.8749837e-007            
1.3468016e-008  8.9338079e-007            
1.3630281e-008  7.8628927e-007            
1.3792546e-008  6.6911985e-007            
1.3954811e-008  5.4500302e-007            
1.4117077e-008  4.17215e-007            
1.4279342e-008  2.8908578e-007            
1.4441607e-008  1.6278085e-007            
1.4603872e-008  4.2823106e-008            
1.4766138e-008  -6.785757e-008            
1.4928403e-008  -1.6663219e-007            
1.5090668e-008  -2.5123945e-007            
1.5252933e-008  -3.1984068e-007            
1.5415199e-008  -3.7106148e-007            
1.5577464e-008  -4.040192e-007            
1.5739729e-008  -4.1874243e-007            
1.5901994e-008  -4.1492028e-007            
1.606426e-008  -3.9320928e-007            
1.6226525e-008  -3.5472017e-007            
1.638879e-008  -3.0097468e-007            
1.6551055e-008  -2.3385211e-007            
1.6713321e-008  -1.5552777e-007            
1.6875586e-008  -6.8405397e-008            
1.7037851e-008  2.4289034e-008            
1.7200116e-008  1.2040893e-007            
1.7362382e-008  2.1729067e-007            
1.7524647e-008  3.1233765e-007            
1.7686912e-008  4.0308525e-007            
1.7849177e-008  4.8725945e-007            
1.8011443e-008  5.6282775e-007            
1.8173708e-008  6.2804156e-007            
1.8335973e-008  6.8017173e-007            
1.8498238e-008  7.1933081e-007            
1.8660504e-008  7.4482066e-007            
1.8822769e-008  7.5630537e-007            
1.8985034e-008  7.5380574e-007            
1.9147299e-008  7.3768557e-007            
1.9309565e-008  7.0863081e-007            
1.947183e-008  6.6762229e-007            
1.9634095e-008  6.1460319e-007            
1.979636e-008  5.5245136e-007            
1.9958626e-008  4.8283405e-007            
2.0120891e-008  4.0757769e-007            
2.0283156e-008  3.2863585e-007            
2.0445421e-008  2.479692e-007            
2.0607687e-008  1.675418e-007            
2.0769952e-008  8.9278665e-008            
2.0932217e-008  1.4355375e-008            
2.1094482e-008  -5.4683849e-008            
2.1256748e-008  -1.1628277e-007            
2.1419013e-008  -1.6907634e-007            
2.1581278e-008  -2.119179e-007            
2.1743543e-008  -2.4390215e-007            
2.1905809e-008  -2.643833e-007            
2.2068074e-008  -2.7298836e-007            
2.2230339e-008  -2.6991125e-007            
2.2392604e-008  -2.5507276e-007            
2.255487e-008  -2.2897522e-007            
2.2717135e-008  -1.9238832e-007            
2.28794e-008  -1.463325e-007            
2.3041665e-008  -9.2056662e-008            
2.3203931e-008  -3.1010272e-008            
2.3366196e-008  3.5189665e-008            
2.3528461e-008  1.0417484e-007            
2.3690726e-008  1.7459195e-007            
2.3852992e-008  2.4456378e-007            
2.4015257e-008  3.1222345e-007            
2.4177522e-008  3.7576192e-007            
2.4339787e-008  4.3347506e-007            
2.4502053e-008  4.8380901e-007            
2.4664318e-008  5.2540247e-007            
2.4826583e-008  5.5601436e-007            
2.4988848e-008  5.7583871e-007            
2.5151114e-008  5.8433079e-007            
2.5313379e-008  5.8125448e-007            
2.5475644e-008  5.6669105e-007            
2.5637909e-008  5.4103934e-007            
2.5800175e-008  5.0500692e-007            
2.596244e-008  4.5959243e-007            
2.6124705e-008  4.0505863e-007            
2.628697e-008  3.4401496e-007            
2.6449236e-008  2.7816268e-007            
2.6611501e-008  2.0933987e-007            
2.6773766e-008  1.3946981e-007            
2.6936031e-008  7.0506848e-008            
2.7098297e-008  4.3811015e-009            
2.7260562e-008  -5.7056243e-008            
2.7422827e-008  -1.1255579e-007            
2.7585092e-008  -1.60009e-007            
2.7747357e-008  -1.9812367e-007            
2.7909623e-008  -2.2587187e-007            
2.8071888e-008  -2.4251787e-007            
2.8234153e-008  -2.4763742e-007            
2.8396418e-008  -2.4112799e-007            
2.8558684e-008  -2.2320967e-007            
2.8720949e-008  -1.947686e-007            
2.8883214e-008  -1.5635756e-007            
2.9045479e-008  -1.0910537e-007            
2.9207745e-008  -5.437458e-008            
2.937001e-008  6.2788495e-009            
2.9532275e-008  7.1150777e-008            
2.969454e-008  1.3843768e-007            
2.9856806e-008  2.0628752e-007            
3.0019071e-008  2.7200369e-007            
3.0181336e-008  3.3449926e-007            
3.0343601e-008  3.920941e-007            
3.0505867e-008  4.4326137e-007            
3.0668132e-008  4.8666711e-007            
3.0830397e-008  5.2120393e-007            
3.0992662e-008  5.4601814e-007            
3.1154928e-008  5.6052977e-007            
3.1317193e-008  5.6320556e-007            
3.1479458e-008  5.5527182e-007            
3.1641723e-008  5.370449e-007            
3.1803989e-008  5.0911687e-007            
3.1966254e-008  4.7233701e-007            
3.2128519e-008  4.2778677e-007            
3.2290784e-008  3.7674929e-007            
3.245305e-008  3.2067407e-007            
3.2615315e-008  2.6012041e-007            
3.277758e-008  1.9787534e-007            
3.2939845e-008  1.3564702e-007            
3.3102111e-008  7.5134844e-008            
3.3264376e-008  1.7985629e-008            
3.3426641e-008  -3.4248474e-008            
3.3588906e-008  -8.0149489e-008            
3.3751172e-008  -1.1846956e-007            
3.3913437e-008  -1.4877562e-007            
3.4075702e-008  -1.6959375e-007            
3.4237967e-008  -1.8037909e-007            
3.4400233e-008  -1.8085109e-007            
3.4562498e-008  -1.710002e-007            
3.4724763e-008  -1.5108759e-007            
3.4887028e-008  -1.2163816e-007            
3.5049294e-008  -8.3426741e-008            
3.5211559e-008  -3.8138179e-008            
3.5373824e-008  1.360555e-008            
3.5536089e-008  7.0411294e-008            
3.5698355e-008  1.3075513e-007            
3.586062e-008  1.9302257e-007            
3.6022885e-008  2.5555133e-007            
3.618515e-008  3.1667551e-007            
3.6347416e-008  3.7477e-007            
3.6509681e-008  4.2715514e-007            
3.6671946e-008  4.7345463e-007            
3.6834211e-008  5.12437e-007            
3.6996477e-008  5.430726e-007            
3.7158742e-008  5.6456147e-007            
3.7321007e-008  5.7635491e-007            
3.7483272e-008  5.7817028e-007            
3.7645538e-008  5.6999846e-007            
3.7807803e-008  5.5075553e-007            
3.7970068e-008  5.2234731e-007            
3.8132333e-008  4.8557983e-007            
3.8294599e-008  4.4148477e-007            
3.8456864e-008  3.9129013e-007            
3.8619129e-008  3.3638553e-007            
3.8781394e-008  2.7828305e-007            
3.894366e-008  2.1857475e-007            
3.9105925e-008  1.5784353e-007            
3.926819e-008  9.8855932e-008            
3.9430455e-008  4.3173699e-008            
3.9592721e-008  -7.7435896e-009            
3.9754986e-008  -5.2577726e-008            
3.9917251e-008  -9.0140628e-008            
4.0079516e-008  -1.1950992e-007            
4.0241782e-008  -1.400052e-007            
4.0404047e-008  -1.5186994e-007            
4.0566312e-008  -1.5418265e-007            
4.0728577e-008  -1.4702204e-007            
4.0890843e-008  -1.3071781e-007            
4.1053108e-008  -1.0583726e-007            
4.1215373e-008  -7.3165493e-008            
4.1377638e-008  -3.3680103e-008            
4.1539904e-008  1.1479043e-008            
4.1702169e-008  6.0231769e-008            
4.1864434e-008  1.1193931e-007            
4.2026699e-008  1.6518163e-007            
4.2188965e-008  2.1852904e-007            
4.235123e-008  2.7058051e-007            
4.2513495e-008  3.1999996e-007            
4.267576e-008  3.6554995e-007            
4.2838026e-008  4.0612151e-007            
4.3000291e-008  4.3957476e-007            
4.3162556e-008  4.6624588e-007            
4.3324821e-008  4.8556531e-007            
4.3487087e-008  4.9716575e-007            
4.3649352e-008  5.0088551e-007            
4.3811617e-008  4.9676648e-007            
4.3973882e-008  4.8504682e-007            
4.4136148e-008  4.6614883e-007            
4.4298413e-008  4.394355e-007            
4.4460678e-008  4.0692559e-007            
4.4622943e-008  3.6950144e-007            
4.4785209e-008  3.281414e-007            
4.4947474e-008  2.8389251e-007            
4.5109739e-008  2.3784242e-007            
4.5272004e-008  1.9109146e-007            
4.543427e-008  1.4472546e-007            
4.5596535e-008  9.8978583e-008            
4.57588e-008  5.5749748e-008            
4.5921065e-008  1.5930559e-008            
4.6083331e-008  -1.9694841e-008            
4.6245596e-008  -5.0464553e-008            
4.6407861e-008  -7.5850198e-008            
4.6570126e-008  -9.5464615e-008            
4.6732392e-008  -1.0906593e-007            
4.6894657e-008  -1.169567e-007            
4.7056922e-008  -1.1875141e-007            
4.7219187e-008  -1.1465132e-007            
4.7381453e-008  -1.0498524e-007            
4.7543718e-008  -9.0197437e-008            
4.7705983e-008  -7.0833476e-008            
4.7868248e-008  -4.752437e-008            
4.8030514e-008  -2.0969505e-008            
4.8192779e-008  7.726591e-009            
4.8355044e-008  3.8086887e-008            
4.8517309e-008  6.9309798e-008            
4.8679575e-008  1.0060033e-007            
4.884184e-008  1.3118685e-007            
4.9004105e-008  1.6033665e-007            
4.916637e-008  1.873699e-007            
4.9328636e-008  2.1167186e-007            
4.9490901e-008  2.3218931e-007            
4.9653166e-008  2.4894124e-007            
4.9815431e-008  2.6157411e-007            
4.9977697e-008  2.6982991e-007            
5.0139962e-008  2.7354782e-007            
5.0302227e-008  2.7266387e-007            
5.0464492e-008  2.6720887e-007            
5.0626758e-008  2.573047e-007            
5.0789023e-008  2.4268134e-007            
5.0951288e-008  2.2414372e-007            
5.1113553e-008  2.0206488e-007            
5.1275819e-008  1.7687991e-007            
5.1438084e-008  1.4907674e-007            
5.1600349e-008  1.1918627e-007            
5.1762614e-008  8.7772409e-008            
5.192488e-008  5.5421805e-008            
5.2087145e-008  2.260486e-008            
5.224941e-008  -9.8623102e-009            
5.2411675e-008  -4.1386845e-008            
5.2573941e-008  -7.1396298e-008            
5.2736206e-008  -9.9348169e-008            
5.2898471e-008  -1.2473907e-007            
5.3060736e-008  -1.4711346e-007            
5.3223002e-008  -1.6607186e-007            
5.3385267e-008  -1.8103195e-007            
5.3547532e-008  -1.9193394e-007            
5.3709797e-008  -1.9860325e-007            
5.3872063e-008  -2.009476e-007            
5.4034328e-008  -1.9896043e-007            
5.4196593e-008  -1.92723e-007            
5.4358858e-008  -1.8240492e-007            
5.4521124e-008  -1.682631e-007            
5.4683389e-008  -1.5032569e-007            
5.4845654e-008  -1.2936685e-007            
5.5007919e-008  -1.0588959e-007            
5.5170184e-008  -8.0458702e-008            
5.533245e-008  -5.368978e-008            
5.5494715e-008  -2.6236587e-008            
5.565698e-008  1.2231688e-009            
5.5819245e-008  2.8003326e-008            
5.5981511e-008  5.3526963e-008            
5.6143776e-008  7.6982203e-008            
5.6306041e-008  9.7764785e-008            
5.6468306e-008  1.1533109e-007            
5.6630572e-008  1.2921346e-007            
5.6792837e-008  1.39034e-007            
5.6955102e-008  1.4451635e-007            
5.7117367e-008  1.4549503e-007            
5.7279633e-008  1.4188427e-007            
5.7441898e-008  1.337994e-007            
5.7604163e-008  1.2144646e-007            
5.7766428e-008  1.0514744e-007            
5.7928694e-008  8.5332828e-008            
5.8090959e-008  6.253082e-008            
5.8253224e-008  3.7353503e-008            
5.8415489e-008  1.0480409e-008            
5.8577755e-008  -1.7258354e-008            
5.874002e-008  -4.5151883e-008            
5.8902285e-008  -7.2435635e-008            
5.906455e-008  -9.8361869e-008            
5.9226816e-008  -1.2222063e-007            
5.9389081e-008  -1.4335957e-007            
5.9551346e-008  -1.61202e-007            
5.9713611e-008  -1.7526255e-007            
