ACF 68°             
0  2.8280655e-006            
1.6229208e-010  2.7984223e-006            
3.2458416e-010  2.7281139e-006            
4.8687625e-010  2.6124105e-006            
6.4916833e-010  2.4500019e-006            
8.1146041e-010  2.2562545e-006            
9.7375249e-010  2.0242649e-006            
1.1360446e-009  1.7681488e-006            
1.2983367e-009  1.4969042e-006            
1.4606287e-009  1.2070544e-006            
1.6229208e-009  9.1835912e-007            
1.7852129e-009  6.3251649e-007            
1.947505e-009  3.5675263e-007            
2.1097971e-009  1.0348853e-007            
2.2720892e-009  -1.268794e-007            
2.4343812e-009  -3.2269551e-007            
2.5966733e-009  -4.8046811e-007            
2.7589654e-009  -6.0044056e-007            
2.9212575e-009  -6.7517769e-007            
3.0835496e-009  -7.0699226e-007            
3.2458416e-009  -6.9498085e-007            
3.4081337e-009  -6.3806515e-007            
3.5704258e-009  -5.4398414e-007            
3.7327179e-009  -4.1111629e-007            
3.89501e-009  -2.4541323e-007            
4.0573021e-009  -5.4450455e-008            
4.2195941e-009  1.6054878e-007            
4.3818862e-009  3.881385e-007            
4.5441783e-009  6.239477e-007            
4.7064704e-009  8.6317584e-007            
4.8687625e-009  1.0908226e-006            
5.0310546e-009  1.3100029e-006            
5.1933466e-009  1.5104911e-006            
5.3556387e-009  1.6856133e-006            
5.5179308e-009  1.8379605e-006            
5.6802229e-009  1.9539264e-006            
5.842515e-009  2.0388222e-006            
6.004807e-009  2.0914639e-006            
6.1670991e-009  2.1026057e-006            
6.3293912e-009  2.0836988e-006            
6.4916833e-009  2.0285169e-006            
6.6539754e-009  1.9388133e-006            
6.8162675e-009  1.8259882e-006            
6.9785595e-009  1.6826146e-006            
7.1408516e-009  1.523002e-006            
7.3031437e-009  1.3493946e-006            
7.4654358e-009  1.1621944e-006            
7.6277279e-009  9.7354764e-007            
7.79002e-009  7.8232082e-007            
7.952312e-009  5.9597764e-007            
8.1146041e-009  4.2127551e-007            
8.2768962e-009  2.5563205e-007            
8.4391883e-009  1.0909349e-007            
8.6014804e-009  -1.785318e-008            
8.7637724e-009  -1.227207e-007            
8.9260645e-009  -2.0168688e-007            
9.0883566e-009  -2.5763849e-007            
9.2506487e-009  -2.8811442e-007            
9.4129408e-009  -2.9315535e-007            
9.5752329e-009  -2.7681514e-007            
9.7375249e-009  -2.3718107e-007            
9.899817e-009  -1.7835149e-007            
1.0062109e-008  -1.0281796e-007            
1.0224401e-008  -1.1025123e-008            
1.0386693e-008  8.9822291e-008            
1.0548985e-008  2.0028557e-007            
1.0711277e-008  3.1670282e-007            
1.087357e-008  4.3269299e-007            
1.1035862e-008  5.49505e-007            
1.1198154e-008  6.6038625e-007            
1.1360446e-008  7.6425276e-007            
1.1522738e-008  8.6175682e-007            
1.168503e-008  9.4345991e-007            
1.1847322e-008  1.0152494e-006            
1.2009614e-008  1.0733246e-006            
1.2171906e-008  1.1144197e-006            
1.2334198e-008  1.1434929e-006            
1.249649e-008  1.1544207e-006            
1.2658782e-008  1.1512286e-006            
1.2821075e-008  1.1360775e-006            
1.2983367e-008  1.1028443e-006            
1.3145659e-008  1.0597452e-006            
1.3307951e-008  1.0054461e-006            
1.3470243e-008  9.409977e-007            
1.3632535e-008  8.7220329e-007            
1.3794827e-008  7.9487211e-007            
1.3957119e-008  7.1560235e-007            
1.4119411e-008  6.3599264e-007            
1.4281703e-008  5.5408389e-007            
1.4443995e-008  4.7662646e-007            
1.4606287e-008  4.0191856e-007            
1.4768579e-008  3.3231003e-007            
1.4930872e-008  2.7147567e-007            
1.5093164e-008  2.1576354e-007            
1.5255456e-008  1.7115182e-007            
1.5417748e-008  1.3673951e-007            
1.558004e-008  1.1118154e-007            
1.5742332e-008  9.791099e-008            
1.5904624e-008  9.3829944e-008            
1.6066916e-008  1.0028861e-007            
1.6229208e-008  1.1807598e-007            
1.63915e-008  1.4239339e-007            
1.6553792e-008  1.7669134e-007            
1.6716084e-008  2.1800661e-007            
1.6878377e-008  2.6431071e-007            
1.7040669e-008  3.171525e-007            
1.7202961e-008  3.7113126e-007            
1.7365253e-008  4.2758976e-007            
1.7527545e-008  4.852257e-007            
1.7689837e-008  5.3883245e-007            
1.7852129e-008  5.9164997e-007            
1.8014421e-008  6.3939782e-007            
1.8176713e-008  6.8118515e-007            
1.8339005e-008  7.1881118e-007            
1.8501297e-008  7.4602048e-007            
1.8663589e-008  7.669789e-007            
1.8825882e-008  7.8027608e-007            
1.8988174e-008  7.8287597e-007            
1.9150466e-008  7.7927839e-007            
1.9312758e-008  7.6588902e-007            
1.947505e-008  7.4457254e-007            
1.9637342e-008  7.180609e-007            
1.9799634e-008  6.8205527e-007            
1.9961926e-008  6.4332717e-007            
2.0124218e-008  6.0094048e-007            
2.028651e-008  5.5485435e-007            
2.0448802e-008  5.0969933e-007            
2.0611094e-008  4.6297097e-007            
2.0773387e-008  4.1847056e-007            
2.0935679e-008  3.7805303e-007            
2.1097971e-008  3.3928812e-007            
2.1260263e-008  3.072231e-007            
2.1422555e-008  2.8051034e-007            
2.1584847e-008  2.5971917e-007            
2.1747139e-008  2.4775087e-007            
2.1909431e-008  2.4091419e-007            
2.2071723e-008  2.4215111e-007            
2.2234015e-008  2.508603e-007            
2.2396307e-008  2.6428724e-007            
2.2558599e-008  2.8504839e-007            
2.2720892e-008  3.0979299e-007            
2.2883184e-008  3.3841091e-007            
2.3045476e-008  3.7171729e-007            
2.3207768e-008  4.0413242e-007            
2.337006e-008  4.3888941e-007            
2.3532352e-008  4.7344203e-007            
2.3694644e-008  5.050459e-007            
2.3856936e-008  5.3576319e-007            
2.4019228e-008  5.6112116e-007            
2.418152e-008  5.8264928e-007            
2.4343812e-008  6.0100278e-007            
2.4506104e-008  6.1100383e-007            
2.4668397e-008  6.1765188e-007            
2.4830689e-008  6.1835941e-007            
2.4992981e-008  6.1262604e-007            
2.5155273e-008  6.0398413e-007            
2.5317565e-008  5.8814574e-007            
2.5479857e-008  5.6937492e-007            
2.5642149e-008  5.4836139e-007            
2.5804441e-008  5.2235528e-007            
2.5966733e-008  4.9668005e-007            
2.6129025e-008  4.6928017e-007            
2.6291317e-008  4.4175554e-007            
2.6453609e-008  4.1726499e-007            
2.6615902e-008  3.9187604e-007            
2.6778194e-008  3.7056494e-007            
2.6940486e-008  3.5282446e-007            
2.7102778e-008  3.3719251e-007            
2.726507e-008  3.2728338e-007            
2.7427362e-008  3.2029295e-007            
2.7589654e-008  3.1774455e-007            
2.7751946e-008  3.2087472e-007            
2.7914238e-008  3.2546232e-007            
2.807653e-008  3.3531269e-007            
2.8238822e-008  3.4822363e-007            
2.8401114e-008  3.6278282e-007            
2.8563406e-008  3.8097513e-007            
2.8725699e-008  3.9877604e-007            
2.8887991e-008  4.1790946e-007            
2.9050283e-008  4.3811567e-007            
2.9212575e-008  4.5547999e-007            
2.9374867e-008  4.7333661e-007            
2.9537159e-008  4.8873928e-007            
2.9699451e-008  5.0130669e-007            
2.9861743e-008  5.1304954e-007            
3.0024035e-008  5.1925566e-007            
3.0186327e-008  5.2355727e-007            
3.0348619e-008  5.2486125e-007            
3.0510911e-008  5.2096468e-007            
3.0673204e-008  5.1585169e-007            
3.0835496e-008  5.0652177e-007            
3.0997788e-008  4.945264e-007            
3.116008e-008  4.8217772e-007            
3.1322372e-008  4.6481825e-007            
3.1484664e-008  4.479361e-007            
3.1646956e-008  4.3024587e-007            
3.1809248e-008  4.1091326e-007            
3.197154e-008  3.9357044e-007            
3.2133832e-008  3.7524155e-007            
3.2296124e-008  3.5861027e-007            
3.2458416e-008  3.4488485e-007            
3.2620709e-008  3.3092148e-007            
3.2783001e-008  3.2106766e-007            
3.2945293e-008  3.1353087e-007            
3.3107585e-008  3.082611e-007            
3.3269877e-008  3.0764463e-007            
3.3432169e-008  3.0816433e-007            
3.3594461e-008  3.1265276e-007            
3.3756753e-008  3.2078565e-007            
3.3919045e-008  3.2993046e-007            
3.4081337e-008  3.4314585e-007            
3.4243629e-008  3.5763889e-007            
3.4405921e-008  3.7368772e-007            
3.4568214e-008  3.9266789e-007            
3.4730506e-008  4.0977691e-007            
3.4892798e-008  4.2859997e-007            
3.505509e-008  4.4741411e-007            
3.5217382e-008  4.6399722e-007            
3.5379674e-008  4.8105897e-007            
3.5541966e-008  4.9480399e-007            
3.5704258e-008  5.0661796e-007            
3.586655e-008  5.1737999e-007            
3.6028842e-008  5.2236163e-007            
3.6191134e-008  5.2601669e-007            
3.6353426e-008  5.2603188e-007            
3.6515719e-008  5.2159224e-007            
3.6678011e-008  5.1560969e-007            
3.6840303e-008  5.0386445e-007            
3.7002595e-008  4.8993945e-007            
3.7164887e-008  4.7432323e-007            
3.7327179e-008  4.5413143e-007            
3.7489471e-008  4.3394907e-007            
3.7651763e-008  4.1171742e-007            
3.7814055e-008  3.8840128e-007            
3.7976347e-008  3.6682493e-007            
3.8138639e-008  3.4343076e-007            
3.8300931e-008  3.2262441e-007            
3.8463224e-008  3.042049e-007            
3.8625516e-008  2.8680209e-007            
3.8787808e-008  2.741159e-007            
3.89501e-008  2.6393148e-007            
3.9112392e-008  2.5781798e-007            
3.9274684e-008  2.5742902e-007            
3.9436976e-008  2.588313e-007            
3.9599268e-008  2.6612593e-007            
3.976156e-008  2.7758919e-007            
3.9923852e-008  2.9196854e-007            
4.0086144e-008  3.1152855e-007            
4.0248436e-008  3.3249896e-007            
4.0410729e-008  3.5649686e-007            
4.0573021e-008  3.8341669e-007            
4.0735313e-008  4.0910842e-007            
4.0897605e-008  4.3676012e-007            
4.1059897e-008  4.6316148e-007            
4.1222189e-008  4.8733083e-007            
4.1384481e-008  5.1107783e-007            
4.1546773e-008  5.2943187e-007            
4.1709065e-008  5.4536446e-007            
4.1871357e-008  5.5789978e-007            
4.2033649e-008  5.6394284e-007            
4.2195941e-008  5.6709174e-007            
4.2358233e-008  5.6418419e-007            
4.2520526e-008  5.5627405e-007            
4.2682818e-008  5.4556292e-007            
4.284511e-008  5.2747413e-007            
4.3007402e-008  5.0718765e-007            
4.3169694e-008  4.8367699e-007            
4.3331986e-008  4.5602316e-007            
4.3494278e-008  4.2838489e-007            
4.365657e-008  3.9833253e-007            
4.3818862e-008  3.6864532e-007            
4.3981154e-008  3.4107339e-007            
4.4143446e-008  3.1293223e-007            
4.4305738e-008  2.8881385e-007            
4.4468031e-008  2.6760525e-007            
4.4630323e-008  2.4952009e-007            
4.4792615e-008  2.3718582e-007            
4.4954907e-008  2.2783583e-007            
4.5117199e-008  2.240904e-007            
4.5279491e-008  2.2597823e-007            
4.5441783e-008  2.3127865e-007            
4.5604075e-008  2.4250734e-007            
4.5766367e-008  2.5720905e-007            
4.5928659e-008  2.7528521e-007            
4.6090951e-008  2.9780793e-007            
4.6253243e-008  3.2048209e-007            
4.6415536e-008  3.4588812e-007            
4.6577828e-008  3.7236421e-007            
4.674012e-008  3.9746861e-007            
4.6902412e-008  4.2334488e-007            
4.7064704e-008  4.4639491e-007            
4.7226996e-008  4.6742711e-007            
4.7389288e-008  4.8720934e-007            
4.755158e-008  5.0076281e-007            
4.7713872e-008  5.1227723e-007            
4.7876164e-008  5.1979676e-007            
4.8038456e-008  5.22361e-007            
4.8200748e-008  5.2295223e-007            
4.8363041e-008  5.1784804e-007            
4.8525333e-008  5.1014841e-007            
4.8687625e-008  5.0060495e-007            
4.8849917e-008  4.8618729e-007            
4.9012209e-008  4.7166943e-007            
4.9174501e-008  4.5505912e-007            
4.9336793e-008  4.3715148e-007            
4.9499085e-008  4.2091302e-007            
4.9661377e-008  4.0261951e-007            
4.9823669e-008  3.8660063e-007            
4.9985961e-008  3.7266474e-007            
5.0148253e-008  3.5900853e-007            
5.0310546e-008  3.4930419e-007            
5.0472838e-008  3.4098539e-007            
5.063513e-008  3.353134e-007            
5.0797422e-008  3.3393106e-007            
5.0959714e-008  3.3254484e-007            
5.1122006e-008  3.3522041e-007            
5.1284298e-008  3.4021823e-007            
5.144659e-008  3.461371e-007            
5.1608882e-008  3.5531127e-007            
5.1771174e-008  3.6423667e-007            
5.1933466e-008  3.743633e-007            
5.2095758e-008  3.8607108e-007            
5.2258051e-008  3.9557874e-007            
5.2420343e-008  4.0639763e-007            
5.2582635e-008  4.1611171e-007            
5.2744927e-008  4.2422131e-007            
5.2907219e-008  4.3293895e-007            
5.3069511e-008  4.381026e-007            
5.3231803e-008  4.4291241e-007            
5.3394095e-008  4.4704921e-007            
5.3556387e-008  4.4777446e-007            
5.3718679e-008  4.4902239e-007            
5.3880971e-008  4.4800772e-007            
5.4043263e-008  4.4561214e-007            
5.4205555e-008  4.4435133e-007            
5.4367848e-008  4.3958679e-007            
5.453014e-008  4.362889e-007            
5.4692432e-008  4.3325843e-007            
5.4854724e-008  4.289602e-007            
5.5017016e-008  4.2707042e-007            
5.5179308e-008  4.2422317e-007            
5.53416e-008  4.2258706e-007            
5.5503892e-008  4.2348762e-007            
5.5666184e-008  4.226666e-007            
5.5828476e-008  4.2481198e-007            
5.5990768e-008  4.2776135e-007            
5.615306e-008  4.3079316e-007            
5.6315353e-008  4.3659963e-007            
5.6477645e-008  4.4106538e-007            
5.6639937e-008  4.4703258e-007            
5.6802229e-008  4.5440456e-007            
5.6964521e-008  4.5979083e-007            
5.7126813e-008  4.6698446e-007            
5.7289105e-008  4.7309668e-007            
5.7451397e-008  4.7832742e-007            
5.7613689e-008  4.847317e-007            
5.7775981e-008  4.8754057e-007            
5.7938273e-008  4.9070451e-007            
5.8100565e-008  4.9308744e-007            
5.8262858e-008  4.9235996e-007            
5.842515e-008  4.9180579e-007            
5.8587442e-008  4.8833103e-007            
5.8749734e-008  4.8347601e-007            
5.8912026e-008  4.7888874e-007            
5.9074318e-008  4.6992343e-007            
5.923661e-008  4.6152513e-007            
5.9398902e-008  4.5191074e-007            
5.9561194e-008  4.4021369e-007            
5.9723486e-008  4.2966706e-007            
5.9885778e-008  4.1674519e-007            
6.004807e-008  4.0432419e-007            
6.0210363e-008  3.9319995e-007            
6.0372655e-008  3.8015165e-007            
6.0534947e-008  3.6956522e-007            
6.0697239e-008  3.5950355e-007            
6.0859531e-008  3.5031775e-007            
6.1021823e-008  3.4470067e-007            
6.1184115e-008  3.3873008e-007            
6.1346407e-008  3.3621833e-007            
6.1508699e-008  3.3682572e-007            
6.1670991e-008  3.3823515e-007            
6.1833283e-008  3.4417437e-007            
6.1995575e-008  3.5172322e-007            
6.2157868e-008  3.6192759e-007            
6.232016e-008  3.7665222e-007            
6.2482452e-008  3.9075934e-007            
6.2644744e-008  4.0890701e-007            
6.2807036e-008  4.2904001e-007            
6.2969328e-008  4.4916943e-007            
6.313162e-008  4.722012e-007            
6.3293912e-008  4.9381044e-007            
6.3456204e-008  5.1576585e-007            
6.3618496e-008  5.3849676e-007            
6.3780788e-008  5.5702127e-007            
6.394308e-008  5.7558534e-007            
6.4105373e-008  5.9114436e-007            
6.4267665e-008  6.0270426e-007            
6.4429957e-008  6.1270403e-007            
6.4592249e-008  6.1621123e-007            
6.4754541e-008  6.1627092e-007            
6.4916833e-008  6.1224585e-007            
6.5079125e-008  6.0125999e-007            
6.5241417e-008  5.8748456e-007            
6.5403709e-008  5.6818305e-007            
6.5566001e-008  5.4435006e-007            
6.5728293e-008  5.1856534e-007            
6.5890585e-008  4.8677451e-007            
6.6052878e-008  4.5390099e-007            
6.621517e-008  4.1953195e-007            
6.6377462e-008  3.8274672e-007            
6.6539754e-008  3.4760044e-007            
6.6702046e-008  3.1200385e-007            
6.6864338e-008  2.7848331e-007            
6.702663e-008  2.4932787e-007            
6.7188922e-008  2.215801e-007            
6.7351214e-008  2.0009466e-007            
6.7513506e-008  1.8381323e-007            
6.7675798e-008  1.7255327e-007            
6.783809e-008  1.6927394e-007            
6.8000382e-008  1.7077334e-007            
6.8162675e-008  1.7961625e-007            
6.8324967e-008  1.95976e-007            
6.8487259e-008  2.1647087e-007            
6.8649551e-008  2.4438801e-007            
6.8811843e-008  2.7670284e-007            
6.8974135e-008  3.1280298e-007            
6.9136427e-008  3.5408884e-007            
6.9298719e-008  3.9493341e-007            
6.9461011e-008  4.3793423e-007            
6.9623303e-008  4.8113757e-007            
6.9785595e-008  5.2102916e-007            
6.9947887e-008  5.6002688e-007            
7.011018e-008  5.9390399e-007            
7.0272472e-008  6.2296301e-007            
7.0434764e-008  6.4810237e-007            
7.0597056e-008  6.6379202e-007            
7.0759348e-008  6.7427258e-007            
7.092164e-008  6.7741716e-007            
7.1083932e-008  6.7185566e-007            
7.1246224e-008  6.6030458e-007            
7.1408516e-008  6.3949537e-007            
7.1570808e-008  6.127184e-007            
7.17331e-008  5.8136371e-007            
7.1895392e-008  5.428631e-007            
7.2057685e-008  5.0218786e-007            
7.2219977e-008  4.5837447e-007            
7.2382269e-008  4.1247732e-007            
7.2544561e-008  3.680057e-007            
7.2706853e-008  3.2255383e-007            
7.2869145e-008  2.8033888e-007            
7.3031437e-008  2.4220993e-007            
7.3193729e-008  2.0692511e-007            
7.3356021e-008  1.7864123e-007            
7.3518313e-008  1.5605605e-007            
7.3680605e-008  1.4014842e-007            
7.3842897e-008  1.3294989e-007            
7.400519e-008  1.3059172e-007            
7.4167482e-008  1.3676928e-007            
7.4329774e-008  1.5001723e-007            
7.4492066e-008  1.6845193e-007            
7.4654358e-008  1.941622e-007            
7.481665e-008  2.2346117e-007            
7.4978942e-008  2.5705536e-007            
7.5141234e-008  2.9489163e-007            
7.5303526e-008  3.3233046e-007            
7.5465818e-008  3.7206134e-007            
7.562811e-008  4.1091195e-007            
7.5790402e-008  4.4726152e-007            
7.5952695e-008  4.8254158e-007            
7.6114987e-008  5.1234168e-007            
7.6277279e-008  5.3855218e-007            
7.6439571e-008  5.6059901e-007            
7.6601863e-008  5.752314e-007            
7.6764155e-008  5.8566015e-007            
7.6926447e-008  5.8935936e-007            
7.7088739e-008  5.8676158e-007            
7.7251031e-008  5.800735e-007            
7.7413323e-008  5.6550472e-007            
7.7575615e-008  5.472751e-007            
7.7737907e-008  5.2479409e-007            
7.79002e-008  4.9710884e-007            
7.8062492e-008  4.6837597e-007            
7.8224784e-008  4.3654636e-007            
7.8387076e-008  4.0388247e-007            
7.8549368e-008  3.7260869e-007            
7.871166e-008  3.3955065e-007            
7.8873952e-008  3.0961417e-007            
7.9036244e-008  2.8187173e-007            
7.9198536e-008  2.5610637e-007            
7.9360828e-008  2.3541288e-007            
7.952312e-008  2.1703959e-007            
7.9685412e-008  2.0353358e-007            
7.9847705e-008  1.9558697e-007            
8.0009997e-008  1.9054896e-007            
8.0172289e-008  1.9151263e-007            
8.0334581e-008  1.963568e-007            
8.0496873e-008  2.0483323e-007            
8.0659165e-008  2.184972e-007            
8.0821457e-008  2.3352893e-007            
8.0983749e-008  2.5226867e-007            
8.1146041e-008  2.7370802e-007            
8.1308333e-008  2.9532763e-007            
8.1470625e-008  3.1929476e-007            
8.1632917e-008  3.4268078e-007            
8.1795209e-008  3.6568025e-007            
8.1957502e-008  3.8920692e-007            
