0  2.8280655e-006            
1.6209636e-010  2.7924299e-006            
3.2419272e-010  2.7112737e-006            
4.8628908e-010  2.5817405e-006            
6.4838544e-010  2.3990957e-006            
8.1048181e-010  2.1730303e-006            
9.7257817e-010  1.9055975e-006            
1.1346745e-009  1.6079346e-006            
1.2967709e-009  1.2913169e-006            
1.4588672e-009  9.5477682e-007            
1.6209636e-009  6.1226142e-007            
1.78306e-009  2.7432025e-007            
1.9451563e-009  -5.36532e-008            
2.1072527e-009  -3.6222065e-007            
2.2693491e-009  -6.419777e-007            
2.4314454e-009  -8.8560981e-007            
2.5935418e-009  -1.0911567e-006            
2.7556381e-009  -1.2524196e-006            
2.9177345e-009  -1.3613426e-006            
3.0798309e-009  -1.4201925e-006            
3.2419272e-009  -1.4258874e-006            
3.4040236e-009  -1.3829864e-006            
3.5661199e-009  -1.2922528e-006            
3.7282163e-009  -1.1486545e-006            
3.8903127e-009  -9.6742653e-007            
4.052409e-009  -7.5126905e-007            
4.2145054e-009  -5.0538944e-007            
4.3766017e-009  -2.3533153e-007            
4.5386981e-009  4.8646832e-008            
4.7007945e-009  3.3838568e-007            
4.8628908e-009  6.2976589e-007            
5.0249872e-009  9.0953175e-007            
5.1870836e-009  1.1723534e-006            
5.3491799e-009  1.4162464e-006            
5.5112763e-009  1.6263777e-006            
5.6733726e-009  1.8066748e-006            
5.835469e-009  1.9450132e-006            
5.9975654e-009  2.0390353e-006            
6.1596617e-009  2.0965066e-006            
6.3217581e-009  2.109574e-006            
6.4838544e-009  2.0722911e-006            
6.6459508e-009  1.9984115e-006            
6.8080472e-009  1.8822333e-006            
6.9701435e-009  1.7343317e-006            
7.1322399e-009  1.5554652e-006            
7.2943362e-009  1.3449882e-006            
7.4564326e-009  1.119162e-006            
7.618529e-009  8.8019466e-007            
7.7806253e-009  6.3256223e-007            
7.9427217e-009  3.8372176e-007            
8.1048181e-009  1.4063878e-007            
8.2669144e-009  -9.0633984e-008            
8.4290108e-009  -3.0676659e-007            
8.5911071e-009  -4.9880971e-007            
8.7532035e-009  -6.648241e-007            
8.9152999e-009  -8.036235e-007            
9.0773962e-009  -9.0852775e-007            
9.2394926e-009  -9.805577e-007            
9.4015889e-009  -1.0166152e-006            
9.5636853e-009  -1.0176683e-006            
9.7257817e-009  -9.8831488e-007            
9.887878e-009  -9.2654081e-007            
1.0049974e-008  -8.3278888e-007            
1.0212071e-008  -7.1547815e-007            
1.0374167e-008  -5.7587084e-007            
1.0536263e-008  -4.1947666e-007            
1.069836e-008  -2.4835545e-007            
1.0860456e-008  -6.9946409e-008            
1.1022553e-008  1.1196135e-007            
1.1184649e-008  2.932313e-007            
1.1346745e-008  4.6719329e-007            
1.1508842e-008  6.3154784e-007            
1.1670938e-008  7.8068945e-007            
1.1833034e-008  9.1236087e-007            
1.1995131e-008  1.0267992e-006            
1.2157227e-008  1.1113804e-006            
1.2319323e-008  1.173541e-006            
1.248142e-008  1.2130561e-006            
1.2643516e-008  1.2235424e-006            
1.2805613e-008  1.2082771e-006            
1.2967709e-008  1.1678685e-006            
1.3129805e-008  1.1036463e-006            
1.3291902e-008  1.0214633e-006            
1.3453998e-008  9.1834617e-007            
1.3616094e-008  7.9840252e-007            
1.3778191e-008  6.6843759e-007            
1.3940287e-008  5.2882611e-007            
1.4102383e-008  3.8501397e-007            
1.426448e-008  2.3883564e-007            
1.4426576e-008  9.5574959e-008            
1.4588672e-008  -4.1583738e-008            
1.4750769e-008  -1.700945e-007            
1.4912865e-008  -2.8541095e-007            
1.5074962e-008  -3.862481e-007            
1.5237058e-008  -4.6971889e-007            
1.5399154e-008  -5.3486919e-007            
1.5561251e-008  -5.809984e-007            
1.5723347e-008  -6.0338749e-007            
1.5885443e-008  -6.0632587e-007            
1.604754e-008  -5.9007076e-007            
1.6209636e-008  -5.5331869e-007            
1.6371732e-008  -4.972218e-007            
1.6533829e-008  -4.2516124e-007            
1.6695925e-008  -3.3909148e-007            
1.6858022e-008  -2.4174654e-007            
1.7020118e-008  -1.3452571e-007            
1.7182214e-008  -2.1610876e-008            
1.7344311e-008  9.465237e-008            
1.7506407e-008  2.1020888e-007            
1.7668503e-008  3.2324964e-007            
1.78306e-008  4.3029454e-007            
1.7992696e-008  5.2703984e-007            
1.8154792e-008  6.1454171e-007            
1.8316889e-008  6.8959447e-007            
1.8478985e-008  7.4619265e-007            
1.8641082e-008  7.8861225e-007            
1.8803178e-008  8.1317007e-007            
1.8965274e-008  8.2100108e-007            
1.9127371e-008  8.1154099e-007            
1.9289467e-008  7.8166333e-007            
1.9451563e-008  7.3773806e-007            
1.961366e-008  6.8033703e-007            
1.9775756e-008  6.0774e-007            
1.9937852e-008  5.239189e-007            
2.0099949e-008  4.3168992e-007            
2.0262045e-008  3.3314264e-007            
2.0424141e-008  2.3148724e-007            
2.0586238e-008  1.2775594e-007            
2.0748334e-008  2.6308284e-008            
2.0910431e-008  -7.0850658e-008            
2.1072527e-008  -1.6126001e-007            
2.1234623e-008  -2.4238851e-007            
2.139672e-008  -3.1213977e-007            
2.1558816e-008  -3.6849001e-007            
2.1720912e-008  -4.1163622e-007            
2.1883009e-008  -4.3950073e-007            
2.2045105e-008  -4.4956975e-007            
2.2207201e-008  -4.4477777e-007            
2.2369298e-008  -4.2407116e-007            
2.2531394e-008  -3.8872824e-007            
2.2693491e-008  -3.3821951e-007            
2.2855587e-008  -2.7460334e-007            
2.3017683e-008  -2.0071468e-007            
2.317978e-008  -1.1776376e-007            
2.3341876e-008  -2.768656e-008            
2.3503972e-008  6.6923917e-008            
2.3666069e-008  1.6344627e-007            
2.3828165e-008  2.5926738e-007            
2.3990261e-008  3.5326094e-007            
2.4152358e-008  4.4005894e-007            
2.4314454e-008  5.1948491e-007            
2.4476551e-008  5.9110354e-007            
2.4638647e-008  6.5007217e-007            
2.4800743e-008  6.9545446e-007            
2.496284e-008  7.2745439e-007            
2.5124936e-008  7.4368337e-007            
2.5287032e-008  7.4702814e-007            
2.5449129e-008  7.3392573e-007            
2.5611225e-008  7.0424825e-007            
2.5773321e-008  6.6269463e-007            
2.5935418e-008  6.0766605e-007            
2.6097514e-008  5.4160368e-007            
2.625961e-008  4.6500551e-007            
2.6421707e-008  3.7990664e-007            
2.6583803e-008  2.9036525e-007            
2.67459e-008  1.9755162e-007            
2.6907996e-008  1.0287187e-007            
2.7070092e-008  1.0210176e-008            
2.7232189e-008  -7.8811085e-008            
2.7394285e-008  -1.6208085e-007            
2.7556381e-008  -2.3741532e-007            
2.7718478e-008  -3.0185787e-007            
2.7880574e-008  -3.550637e-007            
2.804267e-008  -3.9643281e-007            
2.8204767e-008  -4.2367194e-007            
2.8366863e-008  -4.3493978e-007            
2.852896e-008  -4.3220579e-007            
2.8691056e-008  -4.1492129e-007            
2.8853152e-008  -3.8442579e-007            
2.9015249e-008  -3.3916256e-007            
2.9177345e-008  -2.8168692e-007            
2.9339441e-008  -2.1419648e-007            
2.9501538e-008  -1.3783975e-007            
2.9663634e-008  -5.4250245e-008            
2.982573e-008  3.458808e-008            
2.9987827e-008  1.2517484e-007            
3.0149923e-008  2.1646446e-007            
3.031202e-008  3.0653054e-007            
3.0474116e-008  3.9030001e-007            
3.0636212e-008  4.6850697e-007            
3.0798309e-008  5.3843209e-007            
3.0960405e-008  5.9839745e-007            
3.1122501e-008  6.4653754e-007            
3.1284598e-008  6.799597e-007            
3.1446694e-008  7.0068255e-007            
3.160879e-008  7.0918138e-007            
3.1770887e-008  7.0063193e-007            
3.1932983e-008  6.7752899e-007            
3.2095079e-008  6.4191794e-007            
3.2257176e-008  5.9317729e-007            
3.2419272e-008  5.3451797e-007            
3.2581369e-008  4.63554e-007            
3.2743465e-008  3.8503642e-007            
3.2905561e-008  3.015385e-007            
3.3067658e-008  2.1353596e-007            
3.3229754e-008  1.2369294e-007            
3.339185e-008  3.4775907e-008            
3.3553947e-008  -5.1313429e-008            
3.3716043e-008  -1.3247628e-007            
3.3878139e-008  -2.0682594e-007            
3.4040236e-008  -2.7101399e-007            
3.4202332e-008  -3.2517237e-007            
3.4364429e-008  -3.6777038e-007            
3.4526525e-008  -3.9787797e-007            
3.4688621e-008  -4.1306978e-007            
3.4850718e-008  -4.1407082e-007            
3.5012814e-008  -4.0198053e-007            
3.517491e-008  -3.7726059e-007            
3.5337007e-008  -3.381937e-007            
3.5499103e-008  -2.8749993e-007            
3.5661199e-008  -2.2697548e-007            
3.5823296e-008  -1.5799431e-007            
3.5985392e-008  -8.1926823e-008            
3.6147489e-008  -6.9793283e-010            
3.6309585e-008  8.2730811e-008            
3.6471681e-008  1.6725987e-007            
3.6633778e-008  2.4995316e-007            
3.6795874e-008  3.2838891e-007            
3.695797e-008  4.0181092e-007            
3.7120067e-008  4.6652787e-007            
3.7282163e-008  5.2370633e-007            
3.7444259e-008  5.6988804e-007            
3.7606356e-008  6.025767e-007            
3.7768452e-008  6.2476291e-007            
3.7930548e-008  6.3432501e-007            
3.8092645e-008  6.3095919e-007            
3.8254741e-008  6.1420569e-007            
3.8416838e-008  5.8491312e-007            
3.8578934e-008  5.4578485e-007            
3.874103e-008  4.9786119e-007            
3.8903127e-008  4.3864031e-007            
3.9065223e-008  3.7368395e-007            
3.9227319e-008  3.0408073e-007            
3.9389416e-008  2.3112298e-007            
3.9551512e-008  1.5683718e-007            
3.9713608e-008  8.3106527e-008            
3.9875705e-008  1.2260183e-008            
4.0037801e-008  -5.4406006e-008            
4.0199898e-008  -1.1515714e-007            
4.0361994e-008  -1.6760371e-007            
4.052409e-008  -2.1163099e-007            
4.0686187e-008  -2.4577305e-007            
4.0848283e-008  -2.7019922e-007            
4.1010379e-008  -2.8252551e-007            
4.1172476e-008  -2.8348816e-007            
4.1334572e-008  -2.7425564e-007            
4.1496668e-008  -2.5478159e-007            
4.1658765e-008  -2.2503292e-007            
4.1820861e-008  -1.8591674e-007            
4.1982958e-008  -1.3957999e-007            
4.2145054e-008  -8.7175459e-008            
4.230715e-008  -2.955536e-008            
4.2469247e-008  3.1193688e-008            
4.2631343e-008  9.3611963e-008            
4.2793439e-008  1.5612669e-007            
4.2955536e-008  2.1681418e-007            
4.3117632e-008  2.7452646e-007            
4.3279728e-008  3.2691783e-007            
4.3441825e-008  3.7357912e-007            
4.3603921e-008  4.1460772e-007            
4.3766017e-008  4.4630505e-007            
4.3928114e-008  4.6888003e-007            
4.409021e-008  4.8353361e-007            
4.4252307e-008  4.8837219e-007            
4.4414403e-008  4.8531549e-007            
4.4576499e-008  4.7127355e-007            
4.4738596e-008  4.4895514e-007            
4.4900692e-008  4.2013308e-007            
4.5062788e-008  3.8440705e-007            
4.5224885e-008  3.4183046e-007            
4.5386981e-008  2.9501161e-007            
4.5549077e-008  2.446548e-007            
4.5711174e-008  1.925993e-007            
4.587327e-008  1.3960245e-007            
4.6035367e-008  8.6857771e-008            
4.6197463e-008  3.6311883e-008            
4.6359559e-008  -1.1353121e-008            
4.6521656e-008  -5.5278537e-008            
4.6683752e-008  -9.3200877e-008            
4.6845848e-008  -1.253055e-007            
4.7007945e-008  -1.5109824e-007            
4.7170041e-008  -1.7019294e-007            
4.7332137e-008  -1.8113476e-007            
4.7494234e-008  -1.8423224e-007            
4.765633e-008  -1.8023324e-007            
4.7818427e-008  -1.6955021e-007            
4.7980523e-008  -1.51735e-007            
4.8142619e-008  -1.2695081e-007            
4.8304716e-008  -9.7238782e-008            
4.8466812e-008  -6.2911638e-008            
4.8628908e-008  -2.5028953e-008            
4.8791005e-008  1.5983795e-008            
4.8953101e-008  5.8651826e-008            
4.9115197e-008  1.0139769e-007            
4.9277294e-008  1.440764e-007            
4.943939e-008  1.8515312e-007            
4.9601486e-008  2.2279262e-007            
4.9763583e-008  2.5744407e-007            
4.9925679e-008  2.8811046e-007            
5.0087776e-008  3.1347897e-007            
5.0249872e-008  3.322545e-007            
5.0411968e-008  3.4500831e-007            
5.0574065e-008  3.5184105e-007            
5.0736161e-008  3.5284645e-007            
5.0898257e-008  3.4503311e-007            
5.1060354e-008  3.3130478e-007            
5.122245e-008  3.1203727e-007            
5.1384546e-008  2.8711584e-007            
5.1546643e-008  2.5653352e-007            
5.1708739e-008  2.2123643e-007            
5.1870836e-008  1.8263355e-007            
5.2032932e-008  1.4162048e-007            
5.2195028e-008  9.8493128e-008            
5.2357125e-008  5.4563051e-008            
5.2519221e-008  1.1210403e-008            
5.2681317e-008  -3.1159088e-008            
5.2843414e-008  -7.1537981e-008            
5.300551e-008  -1.079644e-007            
5.3167606e-008  -1.4038119e-007            
5.3329703e-008  -1.6821273e-007            
5.3491799e-008  -1.9109165e-007            
5.3653896e-008  -2.0744722e-007            
5.3815992e-008  -2.1673656e-007            
5.3978088e-008  -2.2000312e-007            
5.4140185e-008  -2.1710395e-007            
5.4302281e-008  -2.0763301e-007            
5.4464377e-008  -1.9076756e-007            
5.4626474e-008  -1.6850723e-007            
5.478857e-008  -1.4128726e-007            
5.4950666e-008  -1.0969409e-007            
5.5112763e-008  -7.3529345e-008            
5.5274859e-008  -3.4744473e-008            
5.5436955e-008  5.7373607e-009            
5.5599052e-008  4.7330213e-008            
5.5761148e-008  8.8726767e-008            
5.5923245e-008  1.2854657e-007            
5.6085341e-008  1.663272e-007            
5.6247437e-008  2.0113083e-007            
5.6409534e-008  2.3230133e-007            
5.657163e-008  2.5734109e-007            
5.6733726e-008  2.7716737e-007            
5.6895823e-008  2.9164135e-007            
5.7057919e-008  3.0035041e-007            
5.7220015e-008  3.0117697e-007            
5.7382112e-008  2.9558755e-007            
5.7544208e-008  2.8418575e-007            
5.7706305e-008  2.6728489e-007            
5.7868401e-008  2.4440576e-007            
5.8030497e-008  2.1607522e-007            
5.8192594e-008  1.8418647e-007            
5.835469e-008  1.4933929e-007            
5.8516786e-008  1.1216598e-007            
5.8678883e-008  7.3393741e-008            
5.8840979e-008  3.472922e-008            
5.9003075e-008  -3.0801781e-009            
5.9165172e-008  -3.9302255e-008            
5.9327268e-008  -7.2341001e-008            
5.9489365e-008  -1.0145947e-007            
5.9651461e-008  -1.2631816e-007            
5.9813557e-008  -1.4657139e-007            
5.9975654e-008  -1.6097739e-007            
6.013775e-008  -1.6858894e-007            
6.0299846e-008  -1.7066973e-007            
6.0461943e-008  -1.6700306e-007            
6.0624039e-008  -1.5778574e-007            
6.0786135e-008  -1.4168943e-007            
6.0948232e-008  -1.2078887e-007            
6.1110328e-008  -9.6060147e-008            
6.1272424e-008  -6.7745175e-008            
6.1434521e-008  -3.5705577e-008            
6.1596617e-008  -2.3607183e-009            
6.1758714e-008  3.2078252e-008            
6.192081e-008  6.6706713e-008            
6.2082906e-008  1.0017344e-007            
6.2245003e-008  1.317399e-007            
6.2407099e-008  1.6049023e-007            
6.2569195e-008  1.8595749e-007            
6.2731292e-008  2.0803262e-007            
6.2893388e-008  2.2389883e-007            
6.3055484e-008  2.351123e-007            
6.3217581e-008  2.416354e-007            
6.3379677e-008  2.4315554e-007            
6.3541774e-008  2.3870129e-007            
6.370387e-008  2.2895954e-007            
6.3865966e-008  2.152032e-007            
6.4028063e-008  1.9776925e-007            
6.4190159e-008  1.7674203e-007            
6.4352255e-008  1.5236858e-007            
6.4514352e-008  1.2637518e-007            
6.4676448e-008  9.9821961e-008            
6.4838544e-008  7.3043387e-008            
6.5000641e-008  4.6269151e-008            
6.5162737e-008  2.1579097e-008            
6.5324834e-008  -1.0527948e-009            
6.548693e-008  -2.0966942e-008            
6.5649026e-008  -3.7235623e-008            
6.5811123e-008  -4.9464773e-008            
6.5973219e-008  -5.7574398e-008            
6.6135315e-008  -6.1671282e-008            
6.6297412e-008  -6.1265575e-008            
6.6459508e-008  -5.6028526e-008            
6.6621604e-008  -4.7020621e-008            
6.6783701e-008  -3.4302345e-008            
6.6945797e-008  -1.9386899e-008            
6.7107893e-008  -5.991229e-010            
6.726999e-008  2.0037457e-008            
6.7432086e-008  4.0996148e-008            
6.7594183e-008  6.2885502e-008            
6.7756279e-008  8.4428981e-008            
6.7918375e-008  1.0474538e-007            
6.8080472e-008  1.2381972e-007            
6.8242568e-008  1.3973092e-007            
6.8404664e-008  1.5314677e-007            
6.8566761e-008  1.6329448e-007            
6.8728857e-008  1.6890393e-007            
6.8890953e-008  1.7125504e-007            
6.905305e-008  1.6984918e-007            
6.9215146e-008  1.6355802e-007            
6.9377243e-008  1.5362237e-007            
6.9539339e-008  1.4036991e-007            
6.9701435e-008  1.2445777e-007            
6.9863532e-008  1.0527572e-007            
7.0025628e-008  8.4025557e-008            
7.0187724e-008  6.1655474e-008            
7.0349821e-008  3.8428912e-008            
7.0511917e-008  1.6165016e-008            
7.0674013e-008  -6.5881206e-009            
7.083611e-008  -2.7673374e-008            
7.0998206e-008  -4.5875468e-008            
7.1160303e-008  -6.2076384e-008            
7.1322399e-008  -7.494277e-008            
7.1484495e-008  -8.4049706e-008            
7.1646592e-008  -8.9787911e-008            
7.1808688e-008  -9.0939318e-008            
7.1970784e-008  -8.8318311e-008            
7.2132881e-008  -8.1540084e-008            
7.2294977e-008  -7.0796105e-008            
7.2457073e-008  -5.6896046e-008            
7.261917e-008  -3.9898302e-008            
7.2781266e-008  -1.9884529e-008            
7.2943362e-008  2.3187095e-009            
7.3105459e-008  2.5505115e-008            
7.3267555e-008  4.9061327e-008            
7.3429652e-008  7.4006399e-008            
7.3591748e-008  9.7315111e-008            
7.3753844e-008  1.1959618e-007            
7.3915941e-008  1.4064522e-007            
7.4078037e-008  1.5804133e-007            
7.4240133e-008  1.735707e-007            
7.440223e-008  1.8572055e-007            
7.4564326e-008  1.9363433e-007            
7.4726422e-008  1.9876157e-007            
7.4888519e-008  1.9919176e-007            
7.5050615e-008  1.9580993e-007            
7.5212712e-008  1.8932145e-007            
7.5374808e-008  1.7899511e-007            
7.5536904e-008  1.6531184e-007            
7.5699001e-008  1.4866333e-007            
7.5861097e-008  1.299287e-007            
7.6023193e-008  1.0961918e-007            
7.618529e-008  8.7734617e-008            
7.6347386e-008  6.4935876e-008            
7.6509482e-008  4.1825468e-008            
7.6671579e-008  1.9721738e-008            
7.6833675e-008  -1.2054638e-009            
7.6995772e-008  -2.2114712e-008            
7.7157868e-008  -3.9912684e-008            
7.7319964e-008  -5.5716382e-008            
7.7482061e-008  -6.929998e-008            
7.7644157e-008  -7.9447843e-008            
7.7806253e-008  -8.7139256e-008            
7.796835e-008  -9.1639872e-008            
7.8130446e-008  -9.3030655e-008            
7.8292542e-008  -9.1783444e-008            
7.8454639e-008  -8.7269531e-008            
7.8616735e-008  -8.0398495e-008            
7.8778831e-008  -7.1237415e-008            
7.8940928e-008  -6.0730992e-008            
7.9103024e-008  -4.7715976e-008            
7.9265121e-008  -3.3270197e-008            
7.9427217e-008  -1.9099597e-008            
7.9589313e-008  -4.17472e-009            
7.975141e-008  1.121056e-008            
7.9913506e-008  2.5806233e-008            
8.0075602e-008  4.0224324e-008            
8.0237699e-008  5.2793438e-008            
8.0399795e-008  6.4196104e-008            
8.0561891e-008  7.5053126e-008            
8.0723988e-008  8.2927253e-008            
8.0886084e-008  8.9428849e-008            
8.1048181e-008  9.4309181e-008            
8.1210277e-008  9.6617731e-008            
8.1372373e-008  9.7332361e-008            
8.153447e-008  9.6113672e-008            
8.1696566e-008  9.3328476e-008            
8.1858662e-008  8.8725148e-008            
8.2020759e-008  8.2488784e-008            
8.2182855e-008  7.5269581e-008            
8.2344951e-008  6.6866893e-008            
8.2507048e-008  5.8249697e-008            
8.2669144e-008  4.8203439e-008            
8.2831241e-008  3.7705817e-008            
8.2993337e-008  2.8017042e-008            
8.3155433e-008  1.7967459e-008            
8.331753e-008  7.7020596e-009            
8.3479626e-008  -1.6924556e-009            
8.3641722e-008  -1.0914154e-008            
8.3803819e-008  -1.8989476e-008            
8.3965915e-008  -2.656538e-008            
8.4128011e-008  -3.3572794e-008            
8.4290108e-008  -3.9220576e-008            
8.4452204e-008  -4.4278442e-008            
8.46143e-008  -4.8482033e-008            
8.4776397e-008  -5.1516178e-008            
8.4938493e-008  -5.3690799e-008            
8.510059e-008  -5.5130247e-008            
8.5262686e-008  -5.6143167e-008            
8.5424782e-008  -5.5543757e-008            
8.5586879e-008  -5.4508885e-008            
8.5748975e-008  -5.2936288e-008            
8.5911071e-008  -5.0440869e-008            
8.6073168e-008  -4.7719191e-008            
8.6235264e-008  -4.37823e-008            
8.639736e-008  -3.9286406e-008            
8.6559457e-008  -3.4790982e-008            
8.6721553e-008  -2.9377207e-008            
8.688365e-008  -2.3283542e-008            
8.7045746e-008  -1.6937742e-008            
8.7207842e-008  -1.0098795e-008            
8.7369939e-008  -2.9701494e-009            
8.7532035e-008  4.4835365e-009            
8.7694131e-008  1.1887418e-008            
8.7856228e-008  1.9576922e-008            
8.8018324e-008  2.7163194e-008            
8.818042e-008  3.4228416e-008            
8.8342517e-008  4.0957456e-008            
8.8504613e-008  4.6811915e-008            
8.866671e-008  5.1999159e-008            
8.8828806e-008  5.6323058e-008            
8.8990902e-008  5.8431816e-008            
8.9152999e-008  5.9456893e-008            
8.9315095e-008  5.8726101e-008            
8.9477191e-008  5.5818789e-008            
8.9639288e-008  5.0851117e-008            
8.9801384e-008  4.3381017e-008            
8.996348e-008  3.3601348e-008            
9.0125577e-008  2.1500984e-008            
9.0287673e-008  6.8471361e-009            
9.0449769e-008  -1.0004617e-008            
9.0611866e-008  -2.9002368e-008            
9.0773962e-008  -4.9925706e-008            
9.0936059e-008  -7.2679887e-008            
9.1098155e-008  -9.6157356e-008            
9.1260251e-008  -1.2040169e-007            
9.1422348e-008  -1.4522135e-007            
9.1584444e-008  -1.6994242e-007            
9.174654e-008  -1.933508e-007            
9.1908637e-008  -2.1510882e-007            
9.2070733e-008  -2.3514095e-007            
9.2232829e-008  -2.5282931e-007            
9.2394926e-008  -2.6702322e-007            
9.2557022e-008  -2.7732631e-007            
9.2719119e-008  -2.8347689e-007            
9.2881215e-008  -2.8553678e-007            
9.3043311e-008  -2.8374239e-007            
